	0{"problemName":"rc110_1.txt",
"populationK":5,
"lsRunTime":70000,
"addFirstNeighborhoods":true,
"numHelperNeighborhoods":0,
"numRounds":20,
"numMappers":100,
"roundLengths":[0, 92073, 78664, 83893, 80563, 79118, 86882, 77789, 85756, 81817, 80705, 81944, 87942, 83718, 79253, 85680, 78771, 80790, 80530, 78618, 80579],
"bestSolCosts":[69975.79184497503, 50183.83977987796, 49716.60817345664, 49357.29038306013, 49084.5570290645, 48940.672941714314, 48758.74892337568, 48595.86768404681, 48485.324385972875, 48440.75023929882, 48391.48448763836, 48250.20731821514, 48169.98744448144, 48123.205059885775, 48102.384828215625, 48073.43558973616, 48024.61003552039, 48007.05535297048, 47986.138663066646, 47955.30848348418, 47946.5961450402],
"helperTimes":[0, 0, 20, 16, 122, 66, 30, 32, 89, 37, 29, 23, 37, 23, 60, 29, 192, 60, 116, 20, 52],
"regularTimes":[0, 62754, 55574, 46978, 54957, 43344, 55797, 33534, 53763, 57100, 61221, 57063, 54032, 51287, 52102, 56520, 59255, 52402, 54685, 56533, 55402],
"helperSuccessfuls":[0, 0, 0, 0, 0, 0, 0, 0, 1, 0, 1, 1, 0, 0, 0, 0, 1, 1, 1, 0, 0],
"helperTrieds":[0, 0, 1, 1, 1, 1, 1, 1, 1, 1, 1, 1, 1, 1, 1, 1, 1, 1, 1, 1, 1],
"regularSuccessfuls":[0, 1486, 56, 48, 53, 25, 28, 31, 20, 28, 13, 35, 31, 19, 14, 9, 6, 3, 6, 4, 2],
"regularTrieds":[0, 8641, 5008, 4331, 7521, 6147, 6577, 3653, 6938, 6863, 5833, 8448, 8368, 5936, 7179, 8502, 8084, 7350, 7695, 6285, 8419],
"helperImprovements":[0.0, 0.0, 0.0, 0.0, 0.0, 0.0, 0.0, 0.0, 1.0540764204051811, 0.0, 0.44937139511603164, 0.44937139511603164, 0.0, 0.0, 0.0, 0.0, 6.543331405504432, 3.528169425262604, 14.993261321535101, 0.0, 0.0],
"regularImprovements":[0.0, 23728.39451725647, 467.2316064213228, 359.31779039651155, 272.73335399563075, 143.8840873501831, 181.9240183386355, 162.8812393288681, 109.48922165352997, 79.89275188638567, 48.81638026534347, 145.7403013367948, 80.21987373370212, 46.78238459566637, 20.82023167014995, 28.94923847946484, 42.28222281026683, 14.026513124648773, 5.923428582296765, 30.83017958246637, 8.712338443976478],
"numWorkings":[0, 100, 100, 100, 99, 100, 99, 15, 98, 97, 100, 100, 98, 100, 100, 99, 100, 98, 100, 100, 100],
"totalWorkingTimes":[0, 6259426, 5469136, 4761664, 5490091, 4485951, 5504673, 3511522, 5305619, 4284266, 5375845, 5627699, 5345205, 5212247, 5308078, 5640805, 5635705, 5258299, 5517261, 5686601, 5606606]}