
{"problemName":"rc110_1.txt",
"populationK":950,
"lsRunTime":70000,
"addFirstNeighborhoods":true,
"numHelperNeighborhoods":400,
"numRounds":20,
"numMappers":1000,
"roundLengths":[0, 88941, 101387, 89707, 135788, 89883, 108800, 78570, 89596, 85602, 116645, 82600, 90922, 100073, 92585, 98896, 101120, 79825, 84538, 84675, 80588],
"bestSolCosts":[68140.20686184571, 49837.170257145524, 49056.453040840024, 48754.74378556428, 48467.787759546, 48186.17148176405, 48097.17775034189, 48062.45652080004, 47962.55383308723, 47774.24001230368, 47738.27744254319, 47706.47917406258, 47691.43483570148, 47566.05991709574, 47498.85965057845, 47493.26020194727, 47467.43156171619, 47460.72404077006, 47455.627243456765, 47453.13436390407, 47442.44111059097],
"helperTimes":[0, 0, 546, 657, 1646, 2121, 2875, 2178, 1896, 3896, 2149, 2866, 2448, 3684, 3269, 3503, 4538, 1531, 1973, 2781, 5950],
"regularTimes":[0, 60240, 54673, 49885, 54402, 51890, 53406, 54227, 48385, 38773, 42139, 22359, 49614, 49153, 48661, 40742, 38923, 42565, 42844, 42850, 39482],
"helperSuccessfuls":[0, 0, 0, 4, 3, 9, 6, 3, 1, 6, 2, 7, 1, 0, 4, 4, 4, 2, 0, 0, 5],
"helperTrieds":[0, 0, 401, 401, 401, 401, 401, 401, 401, 401, 401, 401, 401, 401, 401, 401, 401, 401, 401, 401, 401],
"regularSuccessfuls":[0, 1444, 114, 84, 68, 50, 20, 11, 8, 21, 5, 4, 7, 16, 13, 3, 2, 1, 2, 1, 0],
"regularTrieds":[0, 9664, 3315, 4139, 6095, 6547, 15612, 15222, 9457, 7569, 8066, 3811, 10869, 10463, 8934, 7369, 6831, 9417, 11091, 12404, 9672],
"helperImprovements":[0.0, 0.0, 0.0, 0.6506405474719941, 2.970682369552378, 16.64404796663439, 8.519358951605682, 17.73846185830189, 0.004146327526541427, 23.170542134736024, 10.450255728334014, 10.757788377602992, 0.18295450671575963, 0.0, 7.76446799414407, 17.138245092864963, 7.6372600058384705, 1.353946118062595, 0.0, 0.0, 14.175059293673257],
"regularImprovements":[0.0, 28360.709320100446, 780.7172163055002, 399.3678046810528, 283.98534364872467, 264.97222981531377, 80.47437247055495, 16.982767683548445, 99.89854138528608, 165.14327864881488, 25.512314032152062, 21.04048010300903, 14.861383854382439, 125.37491860573937, 59.43579852314724, 13.140835044905543, 23.790828856421285, 5.353574828070123, 5.096797313293791, 2.492879552693921, 0.0],
"numWorkings":[0, 1000, 808, 818, 845, 882, 921, 787, 778, 924, 811, 786, 850, 907, 964, 883, 846, 803, 862, 984, 954],
"totalWorkingTimes":[0, 53467700, 48393807, 43030782, 45857548, 46095660, 47435285, 45052659, 45040313, 45230841, 45239423, 41530180, 45361081, 47727365, 46243557, 46885286, 45036052, 41234928, 45489219, 47951092, 47082913]}