	9{"problemName":"rc110_1.txt",
"populationK":1,
"lsRunTime":70000,
"addFirstNeighborhoods":true,
"numHelperNeighborhoods":0,
"numRounds":20,
"numMappers":200,
"roundLengths":[0, 93113, 89930, 87695, 83596, 86582, 84565, 77743, 81661, 78635, 78679, 80672, 79610, 78532, 79798, 79565, 81537, 82548, 80821, 78505, 79678],
"bestSolCosts":[68540.75053492858, 50117.84836566742, 49320.43836772766, 48810.46205042686, 48530.69009647726, 48239.46222577035, 48155.43476731116, 48076.715173364006, 48037.221234602504, 48004.578642916014, 47973.38157299068, 47958.75423834542, 47954.44800188559, 47939.79266850719, 47888.53071586808, 47851.325601364486, 47836.38453967178, 47804.94093829452, 47783.7610408621, 47760.85720424719, 47758.25206372438],
"helperTimes":[0, 0, 22, 19, 30, 20, 43, 40, 19, 37, 43, 17, 91, 79, 0, 29, 19, 47, 40, 99, 29],
"regularTimes":[0, 61685, 55305, 57523, 54620, 57138, 52532, 53360, 56451, 57027, 59603, 56533, 53451, 52728, 56897, 55661, 58242, 55788, 55563, 54159, 54708],
"helperSuccessfuls":[0, 0, 0, 0, 0, 0, 0, 0, 0, 1, 0, 1, 1, 0, 0, 0, 0, 0, 1, 0, 0],
"helperTrieds":[0, 0, 1, 1, 1, 1, 1, 1, 1, 1, 1, 1, 1, 1, 0, 1, 1, 1, 1, 1, 1],
"regularSuccessfuls":[0, 1304, 110, 93, 55, 68, 31, 11, 12, 20, 10, 7, 2, 7, 11, 11, 2, 2, 7, 6, 3],
"regularTrieds":[0, 7210, 2641, 2402, 7185, 10259, 5781, 10909, 9906, 11754, 12100, 15738, 6970, 9123, 12648, 12798, 12220, 11302, 13410, 14664, 12251],
"helperImprovements":[0.0, 0.0, 0.0, 0.0, 0.0, 0.0, 0.0, 0.0, 0.0, 2.503741319771507, 0.0, 0.27562771582597634, 1.0772017118288204, 0.0, 0.0, 0.0, 0.0, 0.0, 1.0275575580672012, 0.0, 0.0],
"regularImprovements":[0.0, 27527.68735169468, 797.4099979397652, 509.9763173007959, 279.7719539496029, 291.2278707069054, 84.0274584591898, 78.71959394715668, 39.49393876150134, 30.138850366718543, 31.19706992533611, 14.351706929432112, 3.2290347480011405, 14.655333378403157, 51.26195263910631, 37.205114503594814, 14.941061692705262, 31.443601377257437, 20.152339874359313, 22.903836614903412, 2.605140522813599],
"numWorkings":[0, 200, 200, 198, 200, 197, 200, 200, 196, 199, 190, 192, 200, 199, 200, 195, 196, 200, 200, 200, 200],
"totalWorkingTimes":[0, 12012042, 10928187, 11433603, 10887285, 11360510, 10482505, 10231329, 11205847, 11358898, 11322610, 10888278, 10984079, 10838529, 10864340, 10519418, 11481103, 11233405, 11021345, 10906179, 10693534]}