²{"problemName":"rc110_1.txt",
"populationK":1,
"lsRunTime":45000,
"addFirstNeighborhoods":true,
"numHelperNeighborhoods":0,
"numRounds":30,
"numMappers":100,
"roundLengths":[0, 73982, 58112, 52834, 55618, 54562, 53696, 53487, 57489, 52824, 53536, 56637, 58601, 56509, 61613, 47633, 55485, 52597, 55508, 52694, 58448, 51528, 58940, 67506, 53536, 56859, 52682, 56604, 70478, 55633, 55570],
"bestSolCosts":[68679.99663812394, 50781.07294911702, 49934.02169266913, 49542.19228050906, 49364.24131225975, 49132.80670091231, 49017.999513110524, 48908.89261495323, 48770.85419678843, 48627.61850990033, 48578.7451224387, 48449.20966473987, 48400.54933277582, 48371.8054816342, 48327.25040548629, 48300.03895513423, 48250.94362459296, 48223.079905520244, 48164.61162018293, 48136.97562189279, 48121.04144865464, 48111.16801460756, 48097.68966527569, 48072.02493029146, 48054.85642838553, 48044.76882338169, 47995.04846659924, 47956.84116030286, 47933.06307040484, 47924.43927175705, 47907.07871013843],
"helperTimes":[0, 0, 12, 24, 105, 44, 52, 38, 48, 26, 308, 31, 40, 26, 188, 28, 40, 24, 21, 355, 31, 29, 77, 18, 29, 43, 23, 64, 21, 32, 110],
"regularTimes":[0, 32304, 32542, 29475, 32680, 31716, 27875, 34505, 31971, 30371, 19450, 32563, 29700, 32139, 25464, 26839, 33107, 30954, 31424, 28043, 31423, 29163, 28052, 35671, 29848, 29991, 31376, 30339, 29771, 28121, 28221],
"helperSuccessfuls":[0, 0, 0, 0, 0, 0, 0, 0, 0, 0, 1, 0, 0, 0, 1, 0, 0, 0, 1, 1, 0, 0, 1, 0, 0, 0, 0, 0, 0, 0, 1],
"helperTrieds":[0, 0, 1, 1, 1, 1, 1, 1, 1, 1, 1, 1, 1, 1, 1, 1, 1, 1, 1, 1, 1, 1, 1, 1, 1, 1, 1, 1, 1, 1, 1],
"regularSuccessfuls":[0, 1327, 130, 49, 26, 53, 14, 21, 26, 31, 5, 24, 4, 11, 12, 5, 12, 2, 4, 9, 4, 6, 6, 9, 3, 7, 5, 8, 8, 5, 7],
"regularTrieds":[0, 6506, 2145, 3535, 2582, 6031, 2668, 8634, 4461, 5364, 2168, 6343, 5883, 3813, 3182, 4652, 5669, 5320, 6482, 4775, 4300, 7247, 2570, 6522, 6733, 4517, 7325, 3892, 6318, 6436, 3403],
"helperImprovements":[0.0, 0.0, 0.0, 0.0, 0.0, 0.0, 0.0, 0.0, 0.0, 0.0, 5.310709320670867, 0.0, 0.0, 0.0, 20.732573463072185, 0.0, 0.0, 0.0, 1.6197028273891192, 3.1315072001161752, 0.0, 0.0, 6.247528775013052, 0.0, 0.0, 0.0, 0.0, 0.0, 0.0, 0.0, 1.1618881358008366],
"regularImprovements":[0.0, 27994.72959700493, 847.0512564478922, 391.8294121600702, 177.95096824930806, 231.43461134743848, 114.80718780178722, 109.10689815729711, 138.0384181647969, 143.23568688810337, 43.56267814095918, 129.53545769882476, 48.660331964048964, 28.743851141625782, 23.822502684837673, 27.211450352057, 49.095330541269504, 27.863719072716776, 56.84858250992693, 24.504491090025112, 15.934173238143558, 9.87343404708372, 7.230820556855178, 25.664734984231472, 17.16850190592959, 10.087605003842327, 49.7203567824472, 38.20730629638274, 23.77808989801997, 8.623798647786316, 16.198673482824233],
"numWorkings":[0, 99, 100, 100, 100, 100, 90, 100, 100, 97, 0, 100, 100, 100, 100, 95, 97, 96, 93, 100, 100, 98, 15, 100, 100, 100, 99, 99, 98, 100, 100],
"totalWorkingTimes":[0, 3316337, 3329572, 2637075, 3022069, 2799841, 2519039, 3469385, 3241468, 2949305, 1746961, 3297568, 2906606, 3236679, 2624159, 2502962, 3251648, 3004248, 2990163, 2763460, 3205220, 2863282, 427416, 3378148, 2961543, 2898846, 3103099, 2859878, 2950017, 2762693, 2872704]}