	ð{"problemName":"rc110_1.txt",
"populationK":1,
"lsRunTime":70000,
"addFirstNeighborhoods":true,
"numHelperNeighborhoods":300,
"numRounds":20,
"numMappers":200,
"roundLengths":[0, 82831, 91639, 75649, 95639, 76805, 85725, 82522, 82600, 79763, 89665, 77957, 90566, 79751, 88663, 76567, 89953, 79710, 80782, 84795, 89587],
"bestSolCosts":[68521.03738843264, 50022.359592461806, 48972.27179969518, 48495.54931275465, 48203.660843281556, 48125.2202642615, 48042.020904474426, 47991.02730850756, 47922.961860330775, 47857.511284413966, 47810.481960795834, 47796.50559205607, 47789.8711814632, 47777.277608299235, 47739.802655013904, 47734.752883915, 47671.55065425037, 47629.71558465832, 47612.99563305192, 47601.81158423245, 47594.91977770267],
"helperTimes":[0, 0, 683, 1245, 1407, 3363, 2557, 798, 739, 1335, 1227, 2082, 1250, 0, 495, 3285, 304, 1574, 4147, 5878, 1578],
"regularTimes":[0, 61312, 57175, 53796, 43990, 50557, 53886, 53143, 54085, 51326, 54480, 53990, 55529, 56724, 55073, 46574, 57222, 56377, 50437, 50917, 57326],
"helperSuccessfuls":[0, 0, 3, 2, 2, 0, 4, 0, 6, 1, 1, 1, 0, 0, 5, 0, 2, 2, 1, 1, 0],
"helperTrieds":[0, 0, 301, 301, 301, 301, 301, 301, 301, 301, 301, 301, 301, 0, 205, 301, 15, 301, 301, 235, 301],
"regularSuccessfuls":[0, 1387, 151, 110, 51, 35, 19, 13, 22, 18, 15, 8, 2, 4, 11, 5, 3, 18, 3, 3, 1],
"regularTrieds":[0, 7365, 2659, 7787, 7285, 10923, 9600, 7229, 10140, 7724, 7598, 7605, 10702, 9101, 8359, 8697, 9706, 8167, 8906, 7716, 14102],
"helperImprovements":[0.0, 0.0, 7.413456548012618, 3.25352766267315, 17.164895288980915, 0.0, 5.243645115711843, 0.0, 10.720021434084629, 0.5045438218076015, 1.4694560964417178, 2.3407068319356767, 0.0, 0.0, 3.2616282185190357, 0.0, 4.468176614143886, 1.4286553034326062, 1.9910415582562564, 0.5850695621193154, 0.0],
"regularImprovements":[0.0, 25183.433481781794, 1042.6743362186098, 473.46895927785954, 274.7235741841141, 78.44057902005443, 77.95571467136324, 50.99359596686554, 57.34542674270051, 64.94603209500201, 45.55986752168974, 11.635661907828762, 6.634410592872882, 12.593573163961992, 34.213325066812104, 5.049771098900237, 58.734053050488, 40.40641428862, 14.728910048143007, 10.598979257352767, 6.891806529776659],
"numWorkings":[0, 197, 200, 183, 196, 190, 196, 194, 193, 29, 197, 188, 186, 200, 200, 191, 200, 196, 192, 200, 191],
"totalWorkingTimes":[0, 12170913, 11644754, 10044531, 9130164, 10238855, 11066020, 10565035, 10681281, 4467518, 11084776, 10636520, 10678471, 10752921, 11067657, 9663338, 11447087, 11145036, 10631170, 11453110, 11236587]}