
{"problemName":"rc110_1.txt",
"populationK":1,
"lsRunTime":70000,
"addFirstNeighborhoods":true,
"numHelperNeighborhoods":300,
"numRounds":20,
"numMappers":200,
"roundLengths":[0, 98124, 90755, 80570, 80526, 76547, 80055, 84620, 81631, 78541, 80539, 78560, 86532, 81533, 78590, 90750, 88050, 81717, 96095, 77650, 80760],
"bestSolCosts":[68884.80892929673, 50123.32475436465, 49142.59509771312, 48739.57995543734, 48511.24398053009, 48384.112830723585, 48330.37397594473, 48270.47438925054, 48152.087081669546, 48128.29529639014, 47974.94611157928, 47885.56233696478, 47780.38936707028, 47647.68880386015, 47574.768478429825, 47438.79926153943, 47371.99390543177, 47340.689473025675, 47282.21967479507, 47279.45917728483, 47252.63678427311],
"helperTimes":[0, 0, 607, 1331, 1078, 2873, 1837, 1429, 962, 2704, 3052, 604, 1521, 1081, 1389, 1416, 2169, 2152, 3645, 8003, 136],
"regularTimes":[0, 62478, 60130, 49491, 58601, 51888, 52274, 54908, 59971, 26348, 53520, 55452, 56235, 55323, 53007, 55103, 54850, 58023, 44768, 43075, 54713],
"helperSuccessfuls":[0, 0, 0, 3, 3, 0, 5, 3, 1, 2, 0, 1, 0, 3, 1, 0, 1, 1, 2, 1, 2],
"helperTrieds":[0, 0, 301, 301, 301, 301, 301, 301, 301, 301, 301, 301, 301, 301, 301, 301, 301, 301, 241, 301, 5],
"regularSuccessfuls":[0, 1434, 206, 71, 59, 20, 12, 19, 42, 11, 14, 6, 26, 18, 20, 23, 14, 8, 5, 1, 4],
"regularTrieds":[0, 7937, 5194, 6890, 8364, 10840, 7987, 8002, 10670, 5247, 7830, 8168, 12379, 9438, 9607, 7047, 6596, 9196, 6538, 8205, 8974],
"helperImprovements":[0.0, 0.0, 0.0, 25.17717328598519, 7.139155516073515, 0.0, 4.573110092722345, 1.0893526781364926, 1.9357763278385391, 0.4132014493443421, 0.0, 20.374977901257807, 0.0, 30.835637479336583, 2.098438669134339, 0.0, 0.6907532385885133, 1.6339944112187368, 4.300497247008025, 0.9393312258616788, 2.0977960719683324],
"regularImprovements":[0.0, 28337.03892200988, 980.7296566515288, 377.83796898979926, 221.19681939117436, 127.13114980650425, 49.16574468613544, 58.810234016047616, 116.45153125315846, 23.37858383006096, 153.3491848108606, 69.00879671324219, 105.17296989449824, 101.86492573079886, 70.82188676118676, 135.969216890393, 66.11460286907095, 29.67043799487874, 54.16930098359444, 1.8211662843823433, 24.724596939748153],
"numWorkings":[0, 200, 200, 184, 197, 187, 193, 194, 196, 30, 199, 193, 191, 188, 196, 200, 199, 199, 200, 195, 200],
"totalWorkingTimes":[0, 12471703, 11060035, 9411797, 11367930, 10465525, 10655891, 10886823, 11488171, 5626012, 11381598, 10875133, 10856743, 10714097, 10855952, 11266386, 11479762, 11516523, 10863327, 10018786, 10996279]}