	Ý{"problemName":"rc110_1.txt",
"populationK":1,
"lsRunTime":70000,
"addFirstNeighborhoods":true,
"numHelperNeighborhoods":300,
"numRounds":20,
"numMappers":500,
"roundLengths":[0, 95035, 94239, 78586, 85585, 80730, 78611, 79619, 78587, 81633, 77266, 79141, 83871, 85672, 84957, 80692, 85075, 79737, 80773, 80772, 89942],
"bestSolCosts":[67410.04886547496, 49701.931097068664, 48920.17078552938, 48416.015375322815, 48229.444543645586, 48002.975060026, 47831.88044976333, 47725.36172022963, 47575.70845798643, 47503.64760864675, 47459.218976406, 47417.04233674862, 47383.39457474975, 47294.800364229086, 47283.245457461715, 47262.69010086273, 47250.68314932397, 47247.42675485988, 47228.33513055184, 47075.39555239194, 47063.23464269007],
"helperTimes":[0, 0, 683, 1920, 3149, 1875, 3670, 7693, 4441, 1707, 7187, 2446, 2213, 2956, 2433, 452, 2023, 2490, 1586, 373, 1026],
"regularTimes":[0, 60785, 54784, 57835, 50630, 47878, 46295, 49485, 53099, 31865, 40543, 50785, 53572, 47181, 48697, 51402, 51156, 48779, 53978, 55231, 55383],
"helperSuccessfuls":[0, 0, 1, 11, 0, 12, 2, 2, 4, 6, 0, 16, 0, 4, 0, 3, 0, 2, 0, 0, 0],
"helperTrieds":[0, 0, 301, 301, 301, 301, 301, 301, 301, 301, 301, 301, 301, 301, 301, 60, 301, 301, 301, 17, 301],
"regularSuccessfuls":[0, 1695, 90, 88, 27, 43, 41, 26, 35, 9, 3, 5, 11, 9, 5, 13, 6, 2, 7, 11, 1],
"regularTrieds":[0, 10397, 1027, 9434, 9601, 6864, 9219, 7016, 8184, 6057, 7659, 8521, 7270, 7025, 11569, 6800, 8685, 8548, 6332, 5699, 8724],
"helperImprovements":[0.0, 0.0, 1.2620268089376623, 57.91979141338379, 0.0, 86.98282648067106, 0.8770119450273341, 1.3697178941147286, 8.162213366136712, 30.99427752012707, 0.0, 20.22029070032295, 0.0, 10.70080127818801, 0.0, 1.9153816748948884, 0.0, 0.6409074109687936, 0.0, 0.0, 0.0],
"regularImprovements":[0.0, 35318.01123195111, 780.4982847303472, 446.23561879318004, 186.57083167722885, 139.48665713891387, 170.2175983176421, 105.14901163958712, 141.49104887706198, 41.06657181955234, 44.42863224074972, 21.956348957057344, 33.64776199887274, 77.89340924247517, 11.554906767370994, 18.639974924088165, 12.006951538758585, 2.615487053124525, 19.09162430804281, 152.93957815989415, 12.160909701873607],
"numWorkings":[0, 500, 500, 494, 483, 488, 494, 488, 497, 39, 489, 491, 484, 482, 492, 500, 489, 487, 482, 500, 494],
"totalWorkingTimes":[0, 30269972, 27123586, 27437937, 26692984, 25222983, 25206397, 24968473, 28302805, 16446728, 24098629, 27056311, 25990637, 24943513, 26041981, 24476118, 25773109, 25028999, 25387620, 27547863, 27240031]}