
{"problemName":"rc110_1.txt",
"populationK":1,
"lsRunTime":70000,
"addFirstNeighborhoods":true,
"numHelperNeighborhoods":300,
"numRounds":20,
"numMappers":500,
"roundLengths":[0, 97203, 185907, 107659, 107770, 120058, 105791, 104959, 94208, 82560, 88852, 89728, 110228, 105128, 91620, 86080, 88561, 89590, 84569, 90596, 79548],
"bestSolCosts":[67410.04886547496, 49365.43026661732, 48766.76669511195, 48591.63936997602, 48400.68160557378, 48288.11566405371, 48082.78166478988, 47952.33452063259, 47820.167634142024, 47764.93488692899, 47692.46465515026, 47620.8624989602, 47582.42713691963, 47530.62298774326, 47488.88443385187, 47446.81947967197, 47420.62047464532, 47345.30188890218, 47182.410750013136, 47108.8771555898, 47068.99459201256],
"helperTimes":[0, 0, 1072, 1783, 1334, 894, 1043, 878, 1182, 2356, 2612, 1021, 3857, 223, 4900, 3496, 1694, 1021, 751, 2256, 1805],
"regularTimes":[0, 55218, 50343, 49613, 51107, 61213, 53511, 46802, 52687, 48030, 46435, 52143, 44614, 56918, 47966, 44442, 50040, 52397, 57100, 54785, 50085],
"helperSuccessfuls":[0, 0, 0, 2, 5, 0, 3, 0, 5, 1, 1, 2, 0, 1, 1, 4, 1, 0, 1, 0, 6],
"helperTrieds":[0, 0, 301, 301, 301, 301, 301, 301, 301, 301, 301, 301, 301, 11, 301, 301, 301, 301, 301, 301, 301],
"regularSuccessfuls":[0, 1280, 54, 33, 32, 21, 28, 22, 28, 28, 16, 15, 10, 9, 21, 9, 5, 20, 23, 30, 5],
"regularTrieds":[0, 6956, 4031, 4272, 8185, 4804, 7432, 7070, 7507, 6508, 7145, 7570, 6498, 6747, 4451, 4809, 7771, 10196, 10388, 8518, 10694],
"helperImprovements":[0.0, 0.0, 0.0, 2.0254858934131335, 28.274301563236804, 0.0, 18.6960257380415, 0.0, 21.33343181165401, 2.1970932307158364, 1.0426051980393822, 0.7677139190636808, 0.0, 3.080834612243052, 2.1254500136055867, 15.318048888002522, 1.3793132914142916, 0.0, 20.352556410558464, 0.0, 19.4293531469375],
"regularImprovements":[0.0, 25077.487085410714, 598.6635715053635, 173.1018392425176, 162.6834628390061, 112.56594152007165, 186.63797352578695, 130.44714415728959, 110.83345467891195, 53.03565398231876, 71.42762658069114, 70.83444227099244, 38.435362040574546, 48.72331456412212, 39.6131038777894, 26.746905291896837, 24.81969173523248, 75.31858574314538, 142.53858247848257, 73.53359442333749, 20.453210430299805],
"numWorkings":[0, 500, 500, 487, 490, 484, 498, 490, 485, 491, 494, 493, 494, 500, 488, 483, 488, 487, 493, 436, 486],
"totalWorkingTimes":[0, 28237058, 27888113, 24847769, 25675536, 26836193, 26426367, 24714493, 24698138, 25053525, 25243768, 24928429, 24186658, 28571749, 25233798, 23633819, 23798162, 26766899, 27835825, 26463742, 26439843]}