	§{"problemName":"rc110_1.txt",
"populationK":1,
"lsRunTime":70000,
"addFirstNeighborhoods":true,
"numHelperNeighborhoods":600,
"numRounds":20,
"numMappers":200,
"roundLengths":[0, 89031, 125851, 94223, 96722, 85721, 103748, 83732, 77913, 89038, 92679, 78744, 79668, 83939, 83408, 81683, 77902, 84707, 90691, 85610, 76575],
"bestSolCosts":[70134.97630823786, 49514.777674376244, 48679.70125617001, 48228.95819814164, 48107.82047917771, 47951.70394361378, 47919.48647787671, 47842.85645494996, 47779.36137722431, 47745.8037856122, 47707.84788664399, 47696.180528572426, 47652.83730017175, 47606.46605785578, 47529.27094594257, 47521.8715271355, 47514.303922630475, 47490.11932246046, 47463.91021171821, 47428.12765957488, 47406.78040715827],
"helperTimes":[0, 0, 914, 3160, 10689, 11811, 19332, 3738, 1757, 5263, 7362, 12321, 811, 2075, 6537, 6213, 718, 470, 1274, 2224, 1190],
"regularTimes":[0, 62905, 59154, 54137, 44521, 39139, 34906, 49794, 46849, 34621, 40572, 36513, 52405, 50122, 43883, 41165, 50138, 48414, 53319, 50621, 51198],
"helperSuccessfuls":[0, 0, 0, 11, 1, 13, 0, 6, 0, 2, 8, 0, 0, 3, 0, 0, 0, 0, 3, 0, 0],
"helperTrieds":[0, 0, 601, 601, 601, 601, 601, 592, 601, 601, 601, 601, 13, 183, 601, 249, 33, 28, 242, 597, 66],
"regularSuccessfuls":[0, 1351, 114, 77, 19, 27, 11, 17, 12, 7, 8, 5, 6, 5, 4, 5, 2, 5, 4, 8, 1],
"regularTrieds":[0, 7045, 5585, 4414, 4310, 5983, 5555, 5739, 9524, 4821, 7037, 6395, 6712, 10739, 9463, 5515, 6424, 6530, 12734, 10450, 9383],
"helperImprovements":[0.0, 0.0, 0.0, 35.40897160107852, 5.332918613872607, 57.65887238449068, 0.0, 14.271248241326248, 0.0, 8.249943023758533, 18.02709532555309, 0.0, 0.0, 4.855369148775935, 0.0, 0.0, 0.0, 0.0, 3.81495608768455, 0.0, 0.0],
"regularImprovements":[0.0, 23789.958147113524, 835.0764182062339, 415.33408642729046, 115.80480035005894, 98.45766317944071, 32.2174657370706, 62.35877468542458, 63.49507772564539, 25.307648588350276, 19.92880364265875, 11.667358071565104, 43.34322840067762, 41.515873167190875, 77.19511191321362, 7.399418807064649, 7.5676045050277025, 24.184600170017802, 22.394154654561135, 35.782552143333305, 21.347252416606352],
"numWorkings":[0, 200, 200, 191, 191, 132, 131, 200, 194, 151, 195, 187, 200, 200, 193, 200, 200, 200, 200, 200, 200],
"totalWorkingTimes":[0, 12668334, 11621014, 10889382, 10757946, 9855142, 10739941, 10880071, 9336005, 8339154, 9352272, 9372782, 9062395, 10264426, 9632823, 10086806, 10373651, 9850207, 10909148, 10623454, 10653040]}