
{"problemName":"rc110_1.txt",
"populationK":1,
"lsRunTime":70000,
"addFirstNeighborhoods":true,
"numHelperNeighborhoods":600,
"numRounds":20,
"numMappers":200,
"roundLengths":[0, 88943, 95786, 79591, 86674, 129913, 86787, 80667, 74744, 82530, 80561, 84786, 79610, 82508, 78668, 78773, 80558, 80633, 82556, 83563, 82536],
"bestSolCosts":[68905.51332629696, 49961.964993631474, 49169.12027564967, 49030.54913332438, 48943.721966314886, 48764.2720653635, 48700.33029006937, 48659.735914006946, 48572.845469235304, 48473.127154130765, 48425.29042626352, 48394.76421534963, 48325.23075313855, 48196.10810757688, 48088.66606791635, 48080.66640583905, 48047.036803526404, 47921.71095681928, 47851.207330697696, 47817.29913587278, 47772.732033991706],
"helperTimes":[0, 0, 966, 1239, 2663, 1777, 1598, 2045, 1750, 3054, 2773, 2550, 4421, 3530, 2904, 2976, 813, 1342, 1427, 1523, 445],
"regularTimes":[0, 62476, 56110, 50690, 46384, 47371, 56030, 53536, 52573, 52534, 55785, 52753, 48415, 52428, 50427, 54724, 56774, 55443, 55664, 50739, 55175],
"helperSuccessfuls":[0, 0, 0, 7, 0, 12, 0, 2, 6, 0, 2, 4, 4, 6, 1, 1, 2, 2, 1, 0, 6],
"helperTrieds":[0, 0, 601, 601, 601, 601, 601, 601, 601, 601, 601, 601, 601, 601, 601, 601, 284, 322, 483, 601, 14],
"regularSuccessfuls":[0, 1363, 166, 46, 15, 31, 31, 7, 15, 27, 14, 8, 6, 23, 13, 2, 6, 15, 10, 3, 3],
"regularTrieds":[0, 6690, 5306, 11458, 12343, 9191, 17886, 12874, 11043, 12620, 14472, 10044, 8460, 6831, 7278, 12695, 8962, 8609, 11492, 9079, 10518],
"helperImprovements":[0.0, 0.0, 0.0, 16.50290428075823, 0.0, 93.56061110628798, 0.0, 2.7820843131412403, 11.029784939913952, 0.0, 8.157693437555281, 10.635082864690048, 6.671767956890108, 3.321874939261761, 1.3974490037871874, 0.18150508857070236, 0.4146536117841606, 4.945273529599945, 2.3651421449540067, 0.0, 24.88051674180315],
"regularImprovements":[0.0, 23701.22360733775, 792.8447179818031, 122.06823804453597, 86.82716700949095, 85.8892898451013, 63.94177529412991, 37.81229174928012, 75.86065983172739, 99.71831510453922, 39.67903442968964, 19.891128049202962, 62.86169425418484, 125.80077062240889, 106.04459065674746, 7.818156988723786, 33.214948700864625, 120.380573177521, 68.13848397663241, 33.90819482491497, 19.68658513927221],
"numWorkings":[0, 200, 200, 187, 200, 197, 183, 192, 185, 192, 196, 200, 192, 194, 194, 193, 200, 200, 200, 192, 200],
"totalWorkingTimes":[0, 12564106, 11316417, 9723580, 9712772, 10219911, 10608448, 10745316, 9992003, 10425464, 10600729, 10969578, 10284416, 10655315, 10372147, 11074312, 11414059, 11412328, 10351899, 10127524, 11244861]}