
#{"problemName":"rc110_1.txt",
"populationK":1,
"lsRunTime":70000,
"addFirstNeighborhoods":true,
"numHelperNeighborhoods":600,
"numRounds":20,
"numMappers":500,
"roundLengths":[0, 97501, 99634, 81479, 85677, 89820, 80565, 84772, 87858, 81112, 78812, 85757, 79662, 89750, 76432, 79549, 84969, 97631, 78577, 83038, 80731],
"bestSolCosts":[67913.0536431725, 50236.14641502953, 49391.48495788018, 48883.16082602444, 48620.94562419061, 48484.285850050444, 48257.418465848146, 48140.08148113153, 47953.41623974957, 47846.50947576904, 47792.55682220953, 47734.54345508822, 47672.94160083575, 47647.01543226636, 47634.29223772496, 47602.63003550249, 47574.13248851962, 47394.08015292062, 47388.57991898336, 47381.85109419946, 47370.13607134809],
"helperTimes":[0, 0, 904, 3911, 4942, 2481, 2673, 2135, 3808, 1452, 5300, 1696, 3753, 3603, 3695, 816, 2422, 1798, 2095, 2453, 362],
"regularTimes":[0, 60032, 56144, 53660, 44856, 50097, 54035, 50933, 51913, 55480, 44322, 55572, 47149, 50856, 44307, 52715, 51576, 50583, 48783, 51950, 54162],
"helperSuccessfuls":[0, 0, 1, 1, 11, 1, 5, 1, 15, 0, 5, 1, 5, 2, 0, 5, 1, 6, 1, 0, 0],
"helperTrieds":[0, 0, 601, 601, 601, 601, 601, 601, 601, 601, 601, 601, 601, 601, 601, 601, 601, 601, 601, 538, 27],
"regularSuccessfuls":[0, 1280, 139, 74, 43, 31, 35, 20, 49, 45, 12, 11, 20, 12, 7, 6, 10, 16, 2, 5, 10],
"regularTrieds":[0, 6992, 6546, 2567, 6706, 7411, 7745, 9267, 7787, 14896, 7321, 13599, 9022, 10175, 5703, 11374, 7203, 5054, 7312, 15606, 11943],
"helperImprovements":[0.0, 0.0, 0.012638390326173976, 56.30676148808561, 64.04466584631882, 1.5066429226571927, 9.152560990885831, 10.197339691017987, 32.998663280035544, 0.0, 9.494749875637353, 2.486066745594144, 6.399844250321621, 4.2593349703383865, 0.0, 4.495068218209781, 1.4302355975960381, 11.311737778494717, 0.5258919132029405, 0.0, 0.0],
"regularImprovements":[0.0, 23379.277426477107, 844.6488187590221, 452.01737036765553, 198.17053598751227, 135.1531312175066, 217.7148232114123, 107.13964502559975, 153.66657810192555, 106.90676398052892, 44.45790368386952, 55.52730037571746, 55.20201000214729, 21.66683359905437, 12.72319454139506, 27.1671340042667, 27.067311385268113, 168.74059782050608, 4.974342024055659, 6.7288247839023825, 11.715022851371032],
"numWorkings":[0, 500, 500, 492, 489, 497, 485, 496, 491, 488, 496, 489, 486, 494, 492, 491, 493, 483, 479, 500, 500],
"totalWorkingTimes":[0, 30040946, 27517883, 26168487, 24606190, 24785136, 26848831, 25132877, 26586486, 27120962, 24622440, 27384807, 26416912, 27532362, 23991906, 25864630, 26472852, 25066043, 24329212, 26954194, 28299016]}