	'{"problemName":"rc110_1.txt",
"populationK":5,
"lsRunTime":70000,
"addFirstNeighborhoods":true,
"numHelperNeighborhoods":0,
"numRounds":20,
"numMappers":100,
"roundLengths":[0, 95134, 88934, 115734, 78731, 78555, 79493, 81819, 79778, 78534, 81692, 82890, 78667, 79845, 78891, 80567, 79603, 79769, 77778, 78849, 78521],
"bestSolCosts":[70137.93318730335, 49984.58595855506, 49099.085636938195, 48780.948875058464, 48460.05593129341, 48308.422362367244, 48131.585031212104, 48065.93126622337, 47982.73206423084, 47928.30146650509, 47849.09487272181, 47807.098930299304, 47782.77729514539, 47760.211606555284, 47737.42319413534, 47718.18221403128, 47708.04904034073, 47702.57058862539, 47678.043125241085, 47561.056651982326, 47518.208856264464],
"helperTimes":[0, 0, 20, 20, 34, 29, 69, 67, 38, 96, 36, 42, 23, 27, 84, 85, 21, 46, 47, 31, 48],
"regularTimes":[0, 61807, 57632, 58097, 54154, 53387, 55002, 51688, 54562, 53800, 55128, 42027, 53432, 53123, 52405, 55721, 44408, 53873, 50737, 55234, 49202],
"helperSuccessfuls":[0, 0, 0, 0, 0, 0, 0, 1, 0, 1, 1, 0, 0, 0, 0, 0, 0, 1, 1, 0, 0],
"helperTrieds":[0, 0, 1, 1, 1, 1, 1, 1, 1, 1, 1, 1, 1, 1, 1, 1, 1, 1, 1, 1, 1],
"regularSuccessfuls":[0, 1363, 116, 58, 45, 39, 29, 19, 8, 11, 10, 10, 11, 10, 11, 13, 5, 2, 2, 10, 6],
"regularTrieds":[0, 6784, 4644, 7551, 7572, 9911, 9700, 8133, 8993, 10428, 10406, 7409, 8432, 13338, 9281, 7593, 6589, 9108, 9249, 9616, 8620],
"helperImprovements":[0.0, 0.0, 0.0, 0.0, 0.0, 0.0, 0.0, 1.471023873789818, 0.0, 1.0543422684277175, 13.705335555117927, 0.0, 0.0, 0.0, 0.0, 0.0, 0.0, 2.4610229294048622, 0.9356876745223417, 0.0, 0.0],
"regularImprovements":[0.0, 22716.58410383219, 885.5003216168625, 318.13676187973033, 320.8929437650513, 151.63356892616866, 176.83733115514042, 64.18274111494247, 83.19920199253102, 53.3762554573259, 65.50125822815608, 41.99594242250896, 24.32163515391585, 22.5656885901044, 22.78841241994087, 19.240980104063055, 10.133173690548574, 3.017428785933589, 23.591775709784997, 116.98647325875936, 42.84779571786203],
"numWorkings":[0, 99, 100, 95, 100, 100, 98, 97, 98, 100, 100, 100, 99, 100, 94, 100, 45, 99, 100, 94, 97],
"totalWorkingTimes":[0, 6244308, 5777669, 5584952, 5406687, 5389835, 5452870, 5010183, 5357614, 5376914, 5501928, 4468429, 5289646, 5312815, 4952357, 5693908, 3782959, 5413018, 5191499, 5125673, 5084284]}