

{"problemName":"rc110_1.txt",
"populationK":1,
"lsRunTime":70000,
"addFirstNeighborhoods":true,
"numHelperNeighborhoods":600,
"numRounds":20,
"numMappers":500,
"roundLengths":[0, 111498, 88644, 95777, 82679, 84641, 81540, 80518, 84055, 73009, 84574, 80613, 85617, 85191, 86598, 78730, 86973, 84684, 82698, 88461, 76598],
"bestSolCosts":[68594.04787639032, 49730.64978650763, 48853.342396231514, 48506.326115244854, 48293.34144124986, 48145.52432923196, 48081.76123052041, 48008.40593698706, 47958.9804828435, 47945.76426320545, 47935.3808150494, 47842.50865285206, 47811.275971660245, 47718.91902360803, 47643.175915293934, 47627.12507748054, 47586.61307597798, 47536.147691074846, 47516.680036732025, 47502.695581806685, 47493.26464311656],
"helperTimes":[0, 0, 1809, 1301, 6080, 3119, 5006, 3998, 3455, 4674, 2605, 386, 3225, 6583, 10538, 4614, 4308, 11082, 2423, 608, 1533],
"regularTimes":[0, 52186, 53384, 50391, 43947, 47104, 47041, 49491, 48303, 37301, 51695, 54004, 43617, 46335, 38506, 48468, 50489, 41676, 47815, 53051, 47695],
"helperSuccessfuls":[0, 0, 2, 1, 6, 2, 2, 3, 1, 4, 0, 4, 0, 5, 0, 2, 4, 2, 0, 5, 0],
"helperTrieds":[0, 0, 601, 601, 601, 601, 601, 601, 601, 601, 601, 23, 601, 601, 601, 435, 601, 601, 601, 115, 601],
"regularSuccessfuls":[0, 1486, 160, 73, 48, 39, 32, 17, 12, 3, 9, 17, 9, 12, 14, 4, 3, 7, 5, 7, 1],
"regularTrieds":[0, 7612, 5616, 3319, 8889, 9622, 5655, 8044, 8159, 5048, 4796, 9147, 9498, 5228, 4705, 4496, 4097, 4100, 3048, 5781, 7257],
"helperImprovements":[0.0, 0.0, 0.9084044631599681, 1.3920461005036486, 37.84281283491873, 10.67259420188202, 11.210961580269213, 17.67848029711604, 1.8034367350846878, 2.60163130894216, 0.0, 12.748460286478803, 0.0, 4.395167836606561, 0.0, 3.0746206235562568, 5.868876913074928, 19.831754043290857, 0.0, 4.407841291562363, 0.0],
"regularImprovements":[0.0, 31314.421881225695, 876.3989858129571, 345.62423488615605, 175.14186116007477, 137.1445178160211, 52.55213713127887, 55.67681323623401, 47.622017408473766, 10.61458832911012, 10.383448156047962, 80.12370191085938, 31.23268119181739, 87.96178021560627, 75.74310831409821, 12.9762171898401, 34.643124589485524, 30.633630859840196, 19.467654342821334, 9.576613633777015, 9.430938690122275],
"numWorkings":[0, 497, 500, 487, 486, 480, 498, 482, 495, 494, 489, 500, 485, 484, 484, 500, 495, 479, 494, 500, 488],
"totalWorkingTimes":[0, 26709985, 25251742, 23731336, 23561172, 25284472, 25618841, 24287186, 24486546, 22025632, 25949716, 26043341, 25867244, 24599070, 24983129, 24707079, 24524756, 25156063, 23361207, 26174988, 24450194]}