

{"problemName":"rc110_1.txt",
"populationK":1,
"lsRunTime":70000,
"addFirstNeighborhoods":true,
"numHelperNeighborhoods":300,
"numRounds":20,
"numMappers":1400,
"roundLengths":[0, 88414, 171139, 85642, 80003, 79540, 80542, 84569, 94584, 85596, 90586, 79881, 79616, 80773, 79790, 89853, 85404, 83891, 85705, 100359, 89156],
"bestSolCosts":[67770.85369636276, 49837.54979112226, 49163.77274420263, 48711.13753568737, 48501.36755459989, 48356.330441727594, 48255.70262105287, 48182.63433820166, 48050.27798163147, 47896.6979286773, 47830.058011074805, 47772.178244227536, 47712.26651077889, 47644.45887038394, 47595.50983619221, 47519.88509297476, 47420.35287644319, 47381.2661821994, 47325.69883519237, 47294.00356414274, 47274.20925227844],
"helperTimes":[0, 0, 1089, 948, 865, 2394, 893, 917, 2396, 5868, 1772, 1706, 1736, 1650, 1544, 1744, 1383, 1355, 1671, 1914, 3666],
"regularTimes":[0, 55981, 53140, 30298, 46893, 42673, 47007, 40051, 39533, 49377, 46904, 47061, 42121, 50304, 50213, 49054, 42809, 52001, 32168, 40857, 43494],
"helperSuccessfuls":[0, 0, 0, 2, 4, 1, 3, 2, 3, 1, 1, 4, 0, 2, 2, 1, 4, 0, 5, 0, 0],
"helperTrieds":[0, 0, 301, 301, 301, 301, 301, 301, 301, 301, 301, 301, 301, 301, 301, 301, 301, 301, 301, 301, 301],
"regularSuccessfuls":[0, 1856, 114, 76, 39, 22, 24, 24, 20, 30, 18, 17, 17, 40, 14, 12, 19, 9, 16, 12, 6],
"regularTrieds":[0, 11952, 6106, 3256, 7110, 6950, 6682, 4980, 4497, 5799, 7339, 7589, 5072, 8188, 8454, 7583, 6921, 9763, 5008, 6359, 6558],
"helperImprovements":[0.0, 0.0, 0.0, 12.935361652496795, 34.50328265438293, 8.479656865543802, 5.470570699726522, 4.514024665062607, 6.483390994093497, 1.241126696448191, 3.675896773034765, 14.706595140334684, 0.0, 0.8732879424496787, 0.6773790812658262, 6.306458912556991, 7.21940261056443, 0.0, 13.080746952517075, 0.0, 0.0],
"regularImprovements":[0.0, 36607.58861155546, 673.777046919633, 439.6998468627644, 175.26669843309355, 136.55745600675436, 95.15724997499638, 68.55425818615186, 125.87296557609079, 152.3389262577257, 62.964020829458605, 43.17317170693423, 59.911733448643645, 66.93435245250294, 48.27165511046769, 69.31828430489259, 92.31281392100209, 39.08669424379332, 42.48660005450802, 31.695271049633448, 19.794311864301562],
"numWorkings":[0, 997, 864, 908, 894, 884, 866, 786, 833, 887, 736, 760, 883, 779, 826, 813, 793, 761, 211, 814, 883],
"totalWorkingTimes":[0, 60060583, 57533783, 53709579, 54482437, 55372229, 53266180, 49893863, 52925456, 52776507, 46998982, 48915458, 52557977, 50902142, 53324489, 51325720, 51794611, 51252701, 34135402, 51175271, 55498679]}