	÷{"problemName":"rc110_1.txt",
"populationK":1,
"lsRunTime":70000,
"addFirstNeighborhoods":true,
"numHelperNeighborhoods":600,
"numRounds":20,
"numMappers":1400,
"roundLengths":[0, 91985, 85764, 81001, 85734, 84330, 84838, 90960, 84675, 78689, 85758, 79969, 89664, 85729, 79696, 79652, 80762, 79706, 83698, 79705, 82153],
"bestSolCosts":[67637.20396123933, 49878.77492270954, 48896.784681686695, 48524.73516628952, 48223.45813594744, 48044.321792583345, 47927.47927751447, 47852.757618486794, 47769.297807022696, 47713.97550848407, 47594.902240802316, 47554.300979495594, 47517.982377067754, 47499.33144238896, 47293.27616566371, 47236.30159078856, 47205.6500390513, 47181.296963629975, 47174.83819972153, 47169.008997609904, 47168.0025863977],
"helperTimes":[0, 0, 674, 1208, 2586, 2099, 1561, 8890, 11497, 2073, 2878, 2015, 2728, 1719, 1615, 4523, 1706, 7237, 1767, 951, 525],
"regularTimes":[0, 53733, 53218, 50596, 48448, 50249, 47116, 46175, 43615, 39529, 40201, 42027, 46240, 46994, 49025, 33754, 38240, 48421, 41842, 45602, 22588],
"helperSuccessfuls":[0, 0, 3, 0, 15, 1, 5, 4, 4, 1, 21, 0, 3, 0, 7, 0, 5, 0, 0, 0, 1],
"helperTrieds":[0, 0, 601, 601, 601, 601, 601, 601, 601, 601, 601, 601, 601, 601, 601, 601, 601, 601, 601, 601, 18],
"regularSuccessfuls":[0, 1463, 113, 90, 56, 36, 27, 13, 12, 5, 19, 18, 5, 2, 22, 10, 17, 14, 8, 2, 3],
"regularTrieds":[0, 8099, 1328, 5027, 6268, 8209, 5179, 5999, 6322, 5559, 6293, 7648, 7924, 10296, 8295, 3846, 5692, 6114, 5657, 11043, 3071],
"helperImprovements":[0.0, 0.0, 4.379056037359987, 0.0, 63.75143318416667, 1.9624220535115455, 14.651835708427825, 13.691049039101927, 15.981378546595806, 22.68315212453308, 36.493158281715296, 0.0, 17.57485029909003, 0.0, 13.036877631449897, 0.0, 3.6025442737154663, 0.0, 0.0, 0.0, 0.01746857471880503],
"regularImprovements":[0.0, 28319.10465453643, 977.611184985486, 372.0495153971715, 237.52559715791722, 177.17392131058295, 102.1906793604503, 61.030609988571086, 67.47843291750178, 32.639146414090646, 82.58010940004169, 40.601261306721426, 18.743752128750202, 18.65093467879342, 193.01839909380215, 56.97457487515203, 27.049007463538146, 24.353075421327958, 6.458763908442052, 5.829202111628547, 0.9889426374866161],
"numWorkings":[0, 999, 872, 870, 823, 826, 1018, 48, 48, 803, 878, 852, 843, 733, 908, 81, 430, 789, 832, 921, 823],
"totalWorkingTimes":[0, 61390182, 57080940, 52997629, 52600670, 52162026, 58668693, 8930721, 36397087, 51483250, 54763418, 52763529, 51173478, 49025792, 53716844, 37295410, 44646715, 51594980, 54549354, 52485462, 53079831]}