Ÿ{"problemName":"rc110_1.txt",
"populationK":1,
"lsRunTime":140000,
"addFirstNeighborhoods":true,
"numHelperNeighborhoods":0,
"numRounds":11,
"numMappers":1,
"roundLengths":[0, 156274, 153063, 169305, 149448, 146402, 149774, 148646, 149205, 148256, 148367, 151936],
"bestSolCosts":[73621.97264873845, 50836.92009679401, 49980.474223818484, 49667.77531348887, 49558.06706862368, 49489.98668976719, 49448.660034254026, 49333.71181946212, 49241.14230872841, 49156.76118114957, 49049.71185390298, 49018.99633630639],
"helperTimes":[0, 0, 0, 0, 0, 0, 0, 0, 0, 0, 0, 0],
"regularTimes":[0, 135345, 128015, 126767, 127533, 119737, 125989, 127386, 130274, 129661, 126688, 129146],
"helperSuccessfuls":[0, 0, 0, 0, 0, 0, 0, 0, 0, 0, 0, 0],
"helperTrieds":[0, 0, 0, 0, 0, 0, 0, 0, 0, 0, 0, 0],
"regularSuccessfuls":[0, 1317, 138, 59, 33, 13, 13, 30, 23, 22, 18, 3],
"regularTrieds":[0, 8266, 9252, 9410, 10743, 16125, 18018, 14779, 15843, 13920, 16801, 19263],
"helperImprovements":[0.0, 0.0, 0.0, 0.0, 0.0, 0.0, 0.0, 0.0, 0.0, 0.0, 0.0, 0.0],
"regularImprovements":[0.0, 22785.052551944435, 856.4458729755279, 312.6989103296146, 109.70824486519268, 68.0803788564881, 41.32665551316313, 114.94821479190432, 92.56951073370874, 84.38112757883937, 107.04932724659011, 30.715517596596328],
"numWorkings":[0, 1, 1, 1, 1, 1, 1, 1, 1, 1, 1, 1],
"totalWorkingTimes":[0, 135345, 128015, 126767, 127533, 119737, 125989, 127386, 130274, 129661, 126688, 129146]}