¡{"problemName":"rc110_1.txt",
"populationK":1,
"lsRunTime":140000,
"addFirstNeighborhoods":true,
"numHelperNeighborhoods":0,
"numRounds":11,
"numMappers":1,
"roundLengths":[0, 153342, 152064, 147719, 149969, 157371, 153201, 145205, 156171, 144437, 152330, 152954],
"bestSolCosts":[102277.5877732276, 52183.92470503906, 51221.15778603918, 50906.99074154827, 50579.77252785764, 50298.5074743532, 50163.74728989293, 49981.61407726341, 49920.271352538184, 49843.985760287105, 49796.31175409669, 49757.160141115644],
"helperTimes":[0, 0, 0, 0, 0, 0, 0, 0, 0, 0, 0, 0],
"regularTimes":[0, 135297, 127433, 112572, 109149, 127289, 128834, 125398, 128433, 123915, 126690, 125959],
"helperSuccessfuls":[0, 0, 0, 0, 0, 0, 0, 0, 0, 0, 0, 0],
"helperTrieds":[0, 0, 0, 0, 0, 0, 0, 0, 0, 0, 0, 0],
"regularSuccessfuls":[0, 2032, 222, 68, 72, 80, 26, 26, 22, 18, 11, 1],
"regularTrieds":[0, 12935, 12302, 17613, 16963, 14819, 14189, 11913, 16046, 14995, 16251, 18574],
"helperImprovements":[0.0, 0.0, 0.0, 0.0, 0.0, 0.0, 0.0, 0.0, 0.0, 0.0, 0.0, 0.0],
"regularImprovements":[0.0, 50093.663068188536, 962.7669189998851, 314.1670444909105, 327.2182136906267, 281.2650535044377, 134.76018446026865, 182.13321262952377, 61.34272472522571, 76.28559225107892, 47.67400619041291, 39.15161298104795],
"numWorkings":[0, 1, 1, 1, 1, 1, 1, 1, 1, 1, 1, 1],
"totalWorkingTimes":[0, 135297, 127433, 112572, 109149, 127289, 128834, 125398, 128433, 123915, 126690, 125959]}