ù{"problemName":"rc110_1.txt",
"populationK":1,
"lsRunTime":140000,
"addFirstNeighborhoods":true,
"numHelperNeighborhoods":0,
"numRounds":11,
"numMappers":1,
"roundLengths":[0, 154439, 152152, 147505, 147960, 155439, 151634, 148766, 155109, 146435, 149327, 150930],
"bestSolCosts":[76300.84207944712, 51095.70693377837, 50504.39684399899, 49989.3350056519, 49978.65683588892, 49910.943911922215, 49754.012742409795, 49728.57366946352, 49648.56102589935, 49602.7669579977, 49544.61280927577, 49533.4014259902],
"helperTimes":[0, 0, 0, 0, 0, 0, 0, 0, 0, 0, 0, 0],
"regularTimes":[0, 135659, 131117, 120824, 126918, 128565, 127804, 130022, 130389, 122935, 129671, 130147],
"helperSuccessfuls":[0, 0, 0, 0, 0, 0, 0, 0, 0, 0, 0, 0],
"helperTrieds":[0, 0, 0, 0, 0, 0, 0, 0, 0, 0, 0, 0],
"regularSuccessfuls":[0, 1445, 173, 81, 4, 12, 35, 15, 41, 15, 19, 8],
"regularTrieds":[0, 12497, 31531, 21837, 22351, 23831, 24263, 23208, 23353, 23504, 19400, 23892],
"helperImprovements":[0.0, 0.0, 0.0, 0.0, 0.0, 0.0, 0.0, 0.0, 0.0, 0.0, 0.0, 0.0],
"regularImprovements":[0.0, 25205.135145668748, 591.3100897793774, 515.0618383470937, 10.678169762977632, 67.7129239667047, 156.93116951241973, 25.4390729462757, 80.01264356417232, 45.794067901646486, 58.15414872192923, 11.211383285568445],
"numWorkings":[0, 1, 1, 1, 1, 1, 1, 1, 1, 1, 1, 1],
"totalWorkingTimes":[0, 135659, 131117, 120824, 126918, 128565, 127804, 130022, 130389, 122935, 129671, 130147]}