£{"problemName":"rc110_1.txt",
"populationK":1,
"lsRunTime":140000,
"addFirstNeighborhoods":true,
"numHelperNeighborhoods":0,
"numRounds":11,
"numMappers":1,
"roundLengths":[0, 155318, 149283, 153517, 146976, 148321, 149722, 151704, 156170, 143435, 149323, 148947],
"bestSolCosts":[95154.28497089299, 52835.668574612064, 51618.88161333333, 51224.548508343985, 51187.90202345884, 51165.36302872702, 51140.56803918129, 51022.56284681995, 50853.26324573751, 50670.98982861626, 50632.39615149711, 50612.72424163105],
"helperTimes":[0, 0, 0, 0, 0, 0, 0, 0, 0, 0, 0, 0],
"regularTimes":[0, 135642, 128823, 127747, 120467, 129901, 128305, 127795, 127816, 121608, 124580, 129076],
"helperSuccessfuls":[0, 0, 0, 0, 0, 0, 0, 0, 0, 0, 0, 0],
"helperTrieds":[0, 0, 0, 0, 0, 0, 0, 0, 0, 0, 0, 0],
"regularSuccessfuls":[0, 1771, 234, 109, 15, 12, 10, 16, 50, 32, 15, 8],
"regularTrieds":[0, 16272, 10871, 15421, 10816, 16563, 21781, 23459, 13005, 16308, 19981, 21509],
"helperImprovements":[0.0, 0.0, 0.0, 0.0, 0.0, 0.0, 0.0, 0.0, 0.0, 0.0, 0.0, 0.0],
"regularImprovements":[0.0, 42318.61639628092, 1216.7869612787326, 394.3331049893459, 36.64648488514649, 22.538994731818093, 24.79498954572773, 118.00519236134278, 169.29960108244268, 182.27341712125053, 38.5936771191482, 19.67190986606147],
"numWorkings":[0, 1, 1, 1, 1, 1, 1, 1, 1, 1, 1, 1],
"totalWorkingTimes":[0, 135642, 128823, 127747, 120467, 129901, 128305, 127795, 127816, 121608, 124580, 129076]}