©{"problemName":"rc110_1.txt",
"populationK":1,
"lsRunTime":140000,
"addFirstNeighborhoods":true,
"numHelperNeighborhoods":0,
"numRounds":11,
"numMappers":2,
"roundLengths":[0, 152301, 149021, 148836, 148892, 151346, 157221, 149281, 152095, 142434, 150326, 150949],
"bestSolCosts":[73563.29387832095, 50760.370587737285, 50379.97364322319, 50046.23584280288, 49925.74335082154, 49850.62414675895, 49807.18762636677, 49774.91674833627, 49722.657473120904, 49691.05642483443, 49630.91928297778, 49594.85384293896],
"helperTimes":[0, 0, 17, 31, 38, 16, 105, 30, 54, 19, 97, 170],
"regularTimes":[0, 135013, 129523, 122799, 113280, 128798, 124070, 122001, 125693, 124849, 130245, 128492],
"helperSuccessfuls":[0, 0, 0, 0, 0, 0, 0, 0, 0, 0, 0, 0],
"helperTrieds":[0, 0, 1, 1, 1, 1, 1, 1, 1, 1, 1, 1],
"regularSuccessfuls":[0, 1280, 70, 80, 24, 19, 17, 6, 16, 12, 12, 15],
"regularTrieds":[0, 9014, 14762, 12881, 14989, 19136, 20567, 18966, 18333, 21118, 17588, 24619],
"helperImprovements":[0.0, 0.0, 0.0, 0.0, 0.0, 0.0, 0.0, 0.0, 0.0, 0.0, 0.0, 0.0],
"regularImprovements":[0.0, 22802.92329058367, 380.3969445140974, 333.7378004203056, 120.49249198134203, 75.11920406259014, 43.436520392177044, 32.27087803050381, 52.25927521536505, 31.601048286473088, 60.13714185664867, 36.065440038823],
"numWorkings":[0, 2, 2, 2, 2, 2, 2, 2, 2, 2, 2, 2],
"totalWorkingTimes":[0, 269918, 261159, 247681, 226777, 257800, 250131, 244244, 251396, 249744, 260373, 257243]}