¬{"problemName":"rc110_1.txt",
"populationK":1,
"lsRunTime":140000,
"addFirstNeighborhoods":true,
"numHelperNeighborhoods":0,
"numRounds":11,
"numMappers":2,
"roundLengths":[0, 154321, 148242, 152596, 146931, 149338, 153707, 145759, 155080, 145466, 148318, 152957],
"bestSolCosts":[70949.60469084536, 50926.96663687456, 49862.72208221214, 49255.97800140724, 49155.25730254495, 49103.01784203023, 49037.832139754784, 49016.03414565474, 48864.82700669035, 48793.796563958895, 48773.970949060604, 48743.4053427852],
"helperTimes":[0, 0, 21, 29, 15, 20, 29, 57, 33, 39, 30, 18],
"regularTimes":[0, 135237, 120021, 124238, 122408, 129368, 129971, 122933, 126571, 123349, 126885, 131130],
"helperSuccessfuls":[0, 0, 0, 0, 0, 0, 0, 0, 0, 0, 0, 0],
"helperTrieds":[0, 0, 1, 1, 1, 1, 1, 1, 1, 1, 1, 1],
"regularSuccessfuls":[0, 1340, 164, 107, 20, 13, 25, 21, 45, 28, 4, 13],
"regularTrieds":[0, 9528, 13609, 17168, 22814, 22056, 25778, 20616, 18094, 19605, 24021, 20941],
"helperImprovements":[0.0, 0.0, 0.0, 0.0, 0.0, 0.0, 0.0, 0.0, 0.0, 0.0, 0.0, 0.0],
"regularImprovements":[0.0, 21309.28232335543, 1064.2445546624222, 606.7440808048996, 100.72069886228564, 52.23946051472012, 65.18570227544842, 21.79799410004489, 151.20713896438974, 71.03044273145497, 19.82561489829095, 30.565606275406026],
"numWorkings":[0, 2, 2, 2, 2, 2, 2, 2, 2, 2, 2, 2],
"totalWorkingTimes":[0, 270838, 232786, 249947, 244636, 258823, 259872, 246040, 252512, 246973, 254003, 261517]}