¦{"problemName":"rc110_1.txt",
"populationK":1,
"lsRunTime":140000,
"addFirstNeighborhoods":true,
"numHelperNeighborhoods":0,
"numRounds":11,
"numMappers":2,
"roundLengths":[0, 158349, 147280, 159041, 146457, 158401, 149649, 148843, 148988, 150471, 149329, 147942],
"bestSolCosts":[72371.12549472814, 49482.61560488192, 49114.39870294561, 49065.71771434472, 49051.69888068967, 49041.32616512517, 49031.55215243632, 49024.1477574683, 48852.91803621884, 48835.70784652411, 48808.84905002398, 48776.49652586021],
"helperTimes":[0, 0, 20, 29, 38, 23, 26, 38, 0, 0, 40, 0],
"regularTimes":[0, 134347, 128057, 124298, 124586, 123958, 127343, 128157, 124192, 127653, 128731, 129053],
"helperSuccessfuls":[0, 0, 0, 0, 0, 0, 0, 0, 0, 0, 0, 0],
"helperTrieds":[0, 0, 1, 1, 1, 1, 1, 1, 0, 0, 1, 0],
"regularSuccessfuls":[0, 1515, 136, 25, 11, 7, 8, 8, 30, 10, 4, 7],
"regularTrieds":[0, 10089, 21348, 20580, 25097, 24358, 29093, 28635, 20557, 30824, 25168, 30381],
"helperImprovements":[0.0, 0.0, 0.0, 0.0, 0.0, 0.0, 0.0, 0.0, 0.0, 0.0, 0.0, 0.0],
"regularImprovements":[0.0, 22888.509889846224, 368.2169019363064, 48.680988600892306, 14.018833655049093, 10.372715564502869, 9.774012688845687, 7.404394968019915, 171.22972124945954, 17.210189694735163, 26.858796500127937, 32.352524163768976],
"numWorkings":[0, 2, 2, 2, 2, 2, 2, 2, 2, 2, 2, 2],
"totalWorkingTimes":[0, 268835, 256222, 248489, 249093, 242713, 254658, 256425, 250982, 255243, 257148, 258111]}