	
{"problemName":"rc110_1.txt",
"populationK":10,
"lsRunTime":70000,
"addFirstNeighborhoods":true,
"numHelperNeighborhoods":0,
"numRounds":20,
"numMappers":100,
"roundLengths":[0, 102151, 85767, 97863, 79730, 79550, 82586, 95784, 83754, 79010, 78264, 77813, 75682, 81618, 75653, 79033, 104831, 73564, 77152, 77822, 78800],
"bestSolCosts":[67221.4700960626, 50268.10619950194, 49443.25778064541, 49066.47299991003, 48758.061504452664, 48459.90074699001, 48126.74083386739, 48025.66992632255, 47945.25888288835, 47858.12988302679, 47774.49099382179, 47737.48902603118, 47710.19058718378, 47675.93419341371, 47651.0429734155, 47592.62099467839, 47513.115432167506, 47446.61395297582, 47347.39041632106, 47298.62195770839, 47282.06296786908],
"helperTimes":[0, 0, 20, 25, 31, 28, 26, 22, 32, 57, 126, 65, 108, 32, 46, 25, 92, 65, 27, 31, 81],
"regularTimes":[0, 61699, 57995, 58379, 53881, 56479, 55626, 55508, 52369, 51453, 51893, 52514, 54909, 56542, 50344, 51052, 25051, 53325, 54577, 53737, 54022],
"helperSuccessfuls":[0, 0, 0, 0, 0, 0, 0, 0, 1, 0, 0, 0, 0, 0, 0, 0, 0, 1, 0, 0, 1],
"helperTrieds":[0, 0, 1, 1, 1, 1, 1, 1, 1, 1, 1, 1, 1, 1, 1, 1, 1, 1, 1, 1, 1],
"regularSuccessfuls":[0, 1255, 129, 68, 34, 44, 56, 28, 26, 7, 10, 10, 15, 13, 16, 18, 9, 16, 15, 12, 6],
"regularTrieds":[0, 7712, 5048, 8944, 6576, 7579, 8070, 4867, 8608, 8028, 10374, 9349, 10576, 10993, 11336, 11072, 2468, 8552, 8324, 12599, 8491],
"helperImprovements":[0.0, 0.0, 0.0, 0.0, 0.0, 0.0, 0.0, 0.0, 2.5109293190180324, 0.0, 0.0, 0.0, 0.0, 0.0, 0.0, 0.0, 0.0, 8.19741696393612, 0.0, 0.0, 3.405380718395463],
"regularImprovements":[0.0, 22903.487666333414, 824.8484188565344, 376.78478073537553, 308.411495457367, 298.16075746265415, 333.1599131226176, 101.07090754483943, 77.90011411518208, 87.12899986156117, 83.63888920500176, 37.00196779060934, 27.298438847399666, 34.256393770068826, 24.891219998215092, 58.42197873710393, 79.5055625108871, 58.304062227747636, 99.22353665476112, 48.768458612670656, 13.153609120912733],
"numWorkings":[0, 97, 100, 95, 99, 100, 100, 96, 100, 100, 98, 100, 100, 97, 96, 100, 33, 92, 93, 100, 99],
"totalWorkingTimes":[0, 6076930, 5824168, 5610619, 5425439, 5698986, 5624069, 5321368, 5252505, 5193218, 5103693, 5286525, 5389312, 5520177, 4858744, 5142485, 3524131, 4963043, 5085624, 5298685, 5319659]}