¬{"problemName":"rc110_1.txt",
"populationK":1,
"lsRunTime":140000,
"addFirstNeighborhoods":true,
"numHelperNeighborhoods":0,
"numRounds":11,
"numMappers":2,
"roundLengths":[0, 155344, 147091, 154227, 150469, 149340, 145697, 156843, 149994, 149316, 149482, 149943],
"bestSolCosts":[79208.88905646431, 51472.99432870407, 50854.207798864045, 50724.90399949696, 50635.108507632685, 50607.96095826025, 50556.501418675696, 50486.61662595298, 50416.93501631788, 50350.288301334236, 50203.90985583914, 50110.34351477066],
"helperTimes":[0, 0, 19, 17, 15, 30, 35, 0, 36, 30, 0, 20],
"regularTimes":[0, 134501, 121306, 120833, 124245, 123717, 127996, 127210, 127523, 126665, 124786, 128675],
"helperSuccessfuls":[0, 0, 0, 0, 0, 0, 0, 0, 0, 0, 0, 0],
"helperTrieds":[0, 0, 1, 1, 1, 1, 1, 0, 1, 1, 0, 1],
"regularSuccessfuls":[0, 1444, 152, 47, 13, 6, 14, 28, 21, 21, 65, 42],
"regularTrieds":[0, 14169, 15680, 14240, 16824, 24057, 27099, 20201, 23400, 20221, 18368, 22178],
"helperImprovements":[0.0, 0.0, 0.0, 0.0, 0.0, 0.0, 0.0, 0.0, 0.0, 0.0, 0.0, 0.0],
"regularImprovements":[0.0, 27735.894727760235, 618.7865298400284, 129.30379936708778, 89.79549186427175, 27.147549372435606, 51.45953958455357, 69.88479272271798, 69.68160963509581, 66.64671498364623, 146.37844549509464, 93.56634106847923],
"numWorkings":[0, 2, 2, 2, 2, 2, 2, 2, 2, 2, 2, 2],
"totalWorkingTimes":[0, 268683, 243775, 241693, 248636, 252613, 256109, 253895, 254458, 253033, 249710, 257699]}