á{"problemName":"rc110_1.txt",
"populationK":1,
"lsRunTime":140000,
"addFirstNeighborhoods":true,
"numHelperNeighborhoods":0,
"numRounds":11,
"numMappers":5,
"roundLengths":[0, 151242, 160285, 153061, 142443, 151401, 146776, 149746, 147935, 150471, 148356, 149896],
"bestSolCosts":[72525.04962732948, 50483.931487341375, 49949.97673562735, 49810.66871150186, 49557.8370876382, 49315.77508272229, 49281.26087133051, 49237.34026703892, 49233.200435038794, 49205.97570052381, 49169.200643060925, 49160.77361716175],
"helperTimes":[0, 0, 20, 17, 28, 27, 30, 53, 215, 278, 96, 76],
"regularTimes":[0, 135039, 126139, 116715, 115532, 127107, 124314, 126366, 124306, 125798, 127966, 121878],
"helperSuccessfuls":[0, 0, 0, 0, 0, 1, 0, 1, 1, 0, 1, 0],
"helperTrieds":[0, 0, 1, 1, 1, 1, 1, 1, 1, 1, 1, 1],
"regularSuccessfuls":[0, 1404, 139, 22, 43, 47, 22, 14, 1, 9, 5, 7],
"regularTrieds":[0, 13824, 12648, 3889, 9877, 19627, 14056, 18410, 19448, 17394, 20055, 14432],
"helperImprovements":[0.0, 0.0, 0.0, 0.0, 0.0, 7.092614084889647, 0.0, 2.9122614656516816, 1.905371103050129, 0.0, 16.620257382950513, 0.0],
"regularImprovements":[0.0, 22041.11813998811, 533.9547517140236, 139.30802412549383, 252.83162386365439, 234.96939083102188, 34.51421139178274, 41.0083428259386, 2.234460897074314, 27.22473451498081, 20.15480007993756, 8.427025899174623],
"numWorkings":[0, 5, 5, 5, 5, 5, 5, 5, 5, 5, 5, 5],
"totalWorkingTimes":[0, 668267, 627997, 592320, 579632, 615300, 621782, 628873, 627497, 637359, 640564, 624368]}