­{"problemName":"rc110_1.txt",
"populationK":1,
"lsRunTime":140000,
"addFirstNeighborhoods":true,
"numHelperNeighborhoods":0,
"numRounds":11,
"numMappers":5,
"roundLengths":[0, 156274, 158115, 156220, 144459, 150386, 147644, 148844, 148042, 151428, 149494, 149838],
"bestSolCosts":[77162.24144353624, 50384.90304576689, 49788.64782085864, 49413.561285677584, 49192.80404331152, 48895.523816640525, 48727.762934023034, 48681.80091294916, 48658.8954609814, 48627.684485033074, 48584.204085020516, 48523.50073239739],
"helperTimes":[0, 0, 15, 15, 29, 36, 29, 20, 25, 47, 28, 24],
"regularTimes":[0, 134579, 126697, 115961, 119308, 130181, 126375, 127899, 128291, 125552, 127790, 124017],
"helperSuccessfuls":[0, 0, 0, 0, 0, 0, 0, 0, 0, 0, 0, 0],
"helperTrieds":[0, 0, 1, 1, 1, 1, 1, 1, 1, 1, 1, 1],
"regularSuccessfuls":[0, 1342, 129, 84, 64, 46, 35, 14, 6, 15, 10, 13],
"regularTrieds":[0, 16966, 14705, 12114, 17168, 17146, 22728, 20449, 20727, 17959, 20566, 22146],
"helperImprovements":[0.0, 0.0, 0.0, 0.0, 0.0, 0.0, 0.0, 0.0, 0.0, 0.0, 0.0, 0.0],
"regularImprovements":[0.0, 26777.338397769352, 596.255224908251, 375.0865351810571, 220.75724236606766, 297.2802266709914, 167.760882617491, 45.962021073872165, 22.90545196775929, 31.21097594832827, 43.480400012558675, 60.703352623124374],
"numWorkings":[0, 5, 5, 5, 5, 5, 5, 5, 5, 5, 5, 5],
"totalWorkingTimes":[0, 666865, 626521, 608742, 589992, 651798, 630478, 641569, 642676, 630593, 638823, 626382]}