º{"problemName":"rc110_1.txt",
"populationK":1,
"lsRunTime":140000,
"addFirstNeighborhoods":true,
"numHelperNeighborhoods":0,
"numRounds":11,
"numMappers":5,
"roundLengths":[0, 156334, 149015, 151224, 153466, 150404, 147627, 148840, 149011, 149446, 142348, 151915],
"bestSolCosts":[72075.72064361963, 50628.40572513471, 50111.42138426972, 49735.834500949175, 49606.0580477395, 49480.26166738871, 49464.54014709867, 49356.77806660208, 49219.96563455152, 49144.980876854075, 49059.1866832649, 48958.26147252088],
"helperTimes":[0, 0, 14, 33, 47, 32, 29, 58, 100, 26, 75, 30],
"regularTimes":[0, 132645, 113785, 122699, 111349, 123909, 125204, 125694, 121517, 123631, 127392, 130374],
"helperSuccessfuls":[0, 0, 0, 0, 0, 0, 0, 0, 0, 0, 0, 1],
"helperTrieds":[0, 0, 1, 1, 1, 1, 1, 1, 1, 1, 1, 1],
"regularSuccessfuls":[0, 1235, 97, 76, 20, 33, 11, 31, 48, 28, 23, 17],
"regularTrieds":[0, 10478, 10004, 15348, 9669, 12064, 18306, 18222, 20909, 18655, 20971, 22600],
"helperImprovements":[0.0, 0.0, 0.0, 0.0, 0.0, 0.0, 0.0, 0.0, 0.0, 0.0, 0.0, 16.778779562358977],
"regularImprovements":[0.0, 21447.314918484917, 516.9843408649904, 375.5868833205459, 129.77645320967713, 125.79638035078824, 15.721520290040644, 107.7620804965918, 136.81243205055944, 74.98475769744255, 85.79419358917221, 84.14643118166714],
"numWorkings":[0, 5, 5, 4, 5, 5, 5, 5, 5, 5, 4, 5],
"totalWorkingTimes":[0, 657460, 594707, 499205, 545035, 617158, 627117, 630114, 602526, 617162, 507159, 650129]}