¬{"problemName":"rc110_1.txt",
"populationK":1,
"lsRunTime":140000,
"addFirstNeighborhoods":true,
"numHelperNeighborhoods":0,
"numRounds":11,
"numMappers":5,
"roundLengths":[0, 154345, 149044, 150230, 152461, 150384, 147696, 150732, 149547, 147984, 147493, 149839],
"bestSolCosts":[71120.33439527056, 50196.34698076973, 49663.6061777159, 49397.442689265656, 49256.19372468284, 49043.25191577772, 48781.375515617074, 48749.258571627804, 48684.29559160953, 48573.13021825982, 48443.44080684709, 48422.88111457928],
"helperTimes":[0, 0, 20, 15, 33, 26, 24, 27, 25, 30, 75, 41],
"regularTimes":[0, 131615, 129011, 116639, 116922, 122559, 125645, 125493, 114965, 121775, 123551, 128927],
"helperSuccessfuls":[0, 0, 0, 0, 0, 0, 0, 0, 0, 0, 0, 0],
"helperTrieds":[0, 0, 1, 1, 1, 1, 1, 1, 1, 1, 1, 1],
"regularSuccessfuls":[0, 1549, 95, 46, 29, 20, 64, 10, 23, 24, 49, 13],
"regularTrieds":[0, 11027, 15337, 16430, 14595, 19806, 16606, 22743, 14262, 13677, 16052, 19846],
"helperImprovements":[0.0, 0.0, 0.0, 0.0, 0.0, 0.0, 0.0, 0.0, 0.0, 0.0, 0.0, 0.0],
"regularImprovements":[0.0, 25909.795946291757, 532.7408030538354, 266.16348845024186, 141.24896458281728, 212.9418089051178, 261.8764001606469, 32.1169439892692, 64.96298001827381, 111.1653733497078, 129.68941141273535, 20.559692267808714],
"numWorkings":[0, 5, 5, 5, 5, 5, 5, 5, 5, 5, 5, 5],
"totalWorkingTimes":[0, 662442, 631056, 597115, 581958, 616877, 630818, 624041, 586889, 613027, 633323, 646352]}