Ë{"problemName":"rc110_1.txt",
"populationK":1,
"lsRunTime":140000,
"addFirstNeighborhoods":true,
"numHelperNeighborhoods":0,
"numRounds":11,
"numMappers":10,
"roundLengths":[0, 149228, 155023, 153232, 147452, 147390, 148637, 149842, 140430, 151983, 149280, 148018],
"bestSolCosts":[74212.41435854654, 49966.7362798535, 49535.677642479524, 49265.146858160515, 49103.72359389014, 49004.70879258548, 48685.46708651987, 48594.26069459984, 48555.595110528506, 48527.441454183674, 48472.60335257161, 48387.50808594236],
"helperTimes":[0, 0, 21, 18, 106, 21, 102, 92, 71, 45, 33, 21],
"regularTimes":[0, 131963, 116811, 127309, 120434, 119815, 126774, 127639, 127004, 129702, 126857, 124956],
"helperSuccessfuls":[0, 0, 0, 0, 0, 0, 0, 0, 0, 0, 1, 0],
"helperTrieds":[0, 0, 1, 1, 1, 1, 1, 1, 1, 1, 1, 1],
"regularSuccessfuls":[0, 1482, 92, 78, 33, 26, 51, 27, 23, 14, 14, 31],
"regularTrieds":[0, 10569, 17571, 12186, 14931, 18173, 20181, 25551, 23717, 21909, 19486, 18163],
"helperImprovements":[0.0, 0.0, 0.0, 0.0, 0.0, 0.0, 0.0, 0.0, 0.0, 0.0, 11.56804118193395, 0.0],
"regularImprovements":[0.0, 24650.99934708519, 431.05863737397885, 270.5307843190094, 161.42326427037187, 99.0148013046637, 319.241706065608, 91.20639192003, 38.665584071335616, 28.15365634483169, 43.27006043012807, 85.09526662925055],
"numWorkings":[0, 9, 10, 10, 9, 10, 10, 10, 9, 10, 10, 10],
"totalWorkingTimes":[0, 1181606, 1175561, 1196791, 1086544, 1202842, 1263940, 1272420, 1138440, 1300064, 1273316, 1249630]}