Ý{"problemName":"rc110_1.txt",
"populationK":1,
"lsRunTime":140000,
"addFirstNeighborhoods":true,
"numHelperNeighborhoods":0,
"numRounds":11,
"numMappers":10,
"roundLengths":[0, 155168, 148277, 150024, 149459, 146388, 146777, 150632, 149054, 150469, 149361, 153514],
"bestSolCosts":[70130.29405909739, 50347.13097002941, 49685.216080961676, 49221.24438770383, 49026.08600700461, 48843.831207628384, 48770.845252818144, 48593.496887059766, 48504.58234737303, 48456.43991884329, 48440.14149712583, 48430.55801271743],
"helperTimes":[0, 0, 14, 17, 33, 53, 34, 33, 32, 24, 38, 104],
"regularTimes":[0, 134597, 121689, 108073, 123276, 128274, 128421, 123033, 117939, 121730, 128823, 126160],
"helperSuccessfuls":[0, 0, 0, 0, 0, 0, 0, 1, 0, 0, 0, 1],
"helperTrieds":[0, 0, 1, 1, 1, 1, 1, 1, 1, 1, 1, 1],
"regularSuccessfuls":[0, 1448, 116, 83, 37, 38, 3, 31, 7, 14, 9, 2],
"regularTrieds":[0, 12842, 7422, 10292, 13885, 10763, 17402, 14620, 14537, 16554, 11774, 14520],
"helperImprovements":[0.0, 0.0, 0.0, 0.0, 0.0, 0.0, 0.0, 1.6445313652075129, 0.0, 0.0, 0.0, 0.9792783344601048],
"regularImprovements":[0.0, 23993.920540075138, 661.9148890677316, 463.9716932578449, 195.1583806992203, 182.2547993762273, 72.98595481023949, 175.70383439317084, 88.91453968673886, 48.142428529739846, 16.29842171745986, 8.60420607393462],
"numWorkings":[0, 10, 10, 10, 10, 10, 8, 10, 10, 10, 10, 10],
"totalWorkingTimes":[0, 1288672, 1211493, 1151382, 1238579, 1276528, 1022481, 1245706, 1190536, 1229970, 1285016, 1260779]}