Â{"problemName":"rc110_1.txt",
"populationK":1,
"lsRunTime":140000,
"addFirstNeighborhoods":true,
"numHelperNeighborhoods":0,
"numRounds":11,
"numMappers":10,
"roundLengths":[0, 154126, 152302, 151009, 150752, 142190, 150602, 148794, 151050, 144416, 147340, 146886],
"bestSolCosts":[70450.32726409216, 49846.5401783268, 49163.008157137614, 49016.89582984916, 48864.387296096844, 48747.51762278558, 48706.17470880156, 48666.02228892343, 48644.87039718133, 48623.52623338134, 48594.0984737468, 48571.41928135614],
"helperTimes":[0, 0, 15, 23, 91, 26, 64, 33, 38, 34, 89, 36],
"regularTimes":[0, 126003, 127881, 120517, 123324, 121400, 126429, 125552, 128400, 120892, 127065, 119668],
"helperSuccessfuls":[0, 0, 0, 0, 0, 0, 0, 0, 0, 0, 0, 0],
"helperTrieds":[0, 0, 1, 1, 1, 1, 1, 1, 1, 1, 1, 1],
"regularSuccessfuls":[0, 1488, 173, 38, 34, 20, 20, 22, 14, 10, 3, 14],
"regularTrieds":[0, 13664, 19844, 27040, 16189, 22909, 23504, 24512, 28571, 21595, 24802, 24113],
"helperImprovements":[0.0, 0.0, 0.0, 0.0, 0.0, 0.0, 0.0, 0.0, 0.0, 0.0, 0.0, 0.0],
"regularImprovements":[0.0, 23723.864480150485, 683.5320211891885, 146.11232728845062, 152.50853375231964, 116.86967331126652, 41.34291398401547, 40.152419878133514, 21.151891742098087, 21.34416379999311, 29.427759634534596, 22.679192390663957],
"numWorkings":[0, 10, 10, 10, 10, 9, 10, 10, 10, 9, 9, 10],
"totalWorkingTimes":[0, 1278704, 1250082, 1199997, 1243983, 1114161, 1246029, 1264950, 1278979, 1099152, 1153368, 1219706]}