¾{"problemName":"rc110_1.txt",
"populationK":1,
"lsRunTime":140000,
"addFirstNeighborhoods":true,
"numHelperNeighborhoods":0,
"numRounds":11,
"numMappers":10,
"roundLengths":[0, 154134, 150320, 149003, 146452, 142367, 149799, 149694, 146983, 151472, 150514, 145755],
"bestSolCosts":[74639.5692108183, 50172.0155023698, 48953.37171042125, 48833.06437278064, 48703.63956802318, 48640.1935560546, 48517.22445041104, 48451.59364361011, 48410.908991527554, 48410.37355590782, 48389.15974722574, 48365.968956921235],
"helperTimes":[0, 0, 22, 28, 27, 38, 26, 37, 26, 54, 42, 27],
"regularTimes":[0, 133375, 131340, 119004, 125664, 128276, 122569, 124464, 111983, 128233, 125998, 126118],
"helperSuccessfuls":[0, 0, 0, 0, 0, 0, 0, 0, 0, 0, 0, 0],
"helperTrieds":[0, 0, 1, 1, 1, 1, 1, 1, 1, 1, 1, 1],
"regularSuccessfuls":[0, 1485, 240, 45, 48, 13, 21, 23, 8, 1, 8, 7],
"regularTrieds":[0, 13340, 21906, 22426, 19328, 22163, 19315, 22313, 20755, 31959, 24467, 22957],
"helperImprovements":[0.0, 0.0, 0.0, 0.0, 0.0, 0.0, 0.0, 0.0, 0.0, 0.0, 0.0, 0.0],
"regularImprovements":[0.0, 28404.980307149788, 1218.6437919485543, 120.30733764061006, 129.42480475745833, 63.44601196858275, 122.96910564355494, 65.63080680093117, 40.68465208255657, 0.5354356197349261, 21.213808682077797, 23.190790304506663],
"numWorkings":[0, 10, 10, 10, 8, 8, 10, 10, 10, 10, 10, 10],
"totalWorkingTimes":[0, 1284362, 1294566, 1200121, 988634, 1008576, 1226446, 1229668, 1141052, 1285979, 1260722, 1256502]}