Ú{"problemName":"rc110_1.txt",
"populationK":1,
"lsRunTime":140000,
"addFirstNeighborhoods":true,
"numHelperNeighborhoods":0,
"numRounds":11,
"numMappers":20,
"roundLengths":[0, 157946, 149088, 149209, 144464, 145375, 148795, 142681, 148991, 152487, 147310, 149948],
"bestSolCosts":[76609.3505701553, 50409.44677218844, 49461.9239461272, 48545.81603451727, 48250.452727589116, 48183.964587900206, 48048.886058231175, 48031.79982079987, 48008.31710850578, 47926.10276947527, 47923.689366706196, 47917.25140839293],
"helperTimes":[0, 0, 15, 81, 33, 45, 30, 20, 37, 35, 50, 50],
"regularTimes":[0, 126670, 125730, 119154, 125767, 127153, 125704, 125111, 127163, 128211, 127188, 126994],
"helperSuccessfuls":[0, 0, 0, 0, 0, 0, 0, 0, 1, 0, 0, 1],
"helperTrieds":[0, 0, 1, 1, 1, 1, 1, 1, 1, 1, 1, 1],
"regularSuccessfuls":[0, 1486, 167, 117, 63, 32, 35, 3, 4, 14, 2, 5],
"regularTrieds":[0, 9336, 7424, 14238, 13531, 22034, 17519, 18450, 20841, 21665, 17032, 24301],
"helperImprovements":[0.0, 0.0, 0.0, 0.0, 0.0, 0.0, 0.0, 0.0, 15.390678693031077, 0.0, 0.0, 1.5339957053074613],
"regularImprovements":[0.0, 26856.14574047932, 947.5228260612421, 916.1079116099281, 295.3633069281568, 66.48813968891045, 135.0785296690301, 17.08623743130738, 8.092033601060393, 82.21433903050638, 2.4134027690743096, 4.903962607961148],
"numWorkings":[0, 20, 20, 20, 18, 19, 20, 18, 20, 20, 20, 20],
"totalWorkingTimes":[0, 2577925, 2527237, 2395452, 2235418, 2410625, 2487454, 2289765, 2464214, 2469097, 2530169, 2551373]}