	B{"problemName":"rc110_1.txt",
"populationK":10,
"lsRunTime":70000,
"addFirstNeighborhoods":true,
"numHelperNeighborhoods":0,
"numRounds":20,
"numMappers":100,
"roundLengths":[0, 93173, 91133, 124839, 100788, 105719, 82704, 90596, 79558, 90981, 86915, 78773, 79931, 81170, 77750, 79754, 79901, 74829, 76811, 77987, 77647],
"bestSolCosts":[69307.14149856253, 49895.251512095056, 49300.29941965496, 48893.065687576425, 48488.74979976051, 48198.81871176734, 48151.89140023126, 48046.05674484002, 48008.76677196672, 47991.73158196313, 47968.328248228216, 47950.8876599437, 47902.165293110644, 47894.91260014084, 47891.60462894809, 47876.22117631932, 47830.62511069284, 47794.550267301966, 47784.83879124654, 47773.34762982236, 47721.12756833672],
"helperTimes":[0, 0, 17, 27, 77, 138, 60, 93, 31, 40, 29, 59, 69, 29, 29, 78, 94, 35, 77, 78, 27],
"regularTimes":[0, 61280, 52882, 55634, 53494, 51800, 51564, 57216, 53969, 56701, 55057, 53067, 51875, 47418, 49484, 42188, 53473, 48644, 54351, 54332, 58047],
"helperSuccessfuls":[0, 0, 0, 0, 0, 1, 0, 1, 0, 1, 0, 1, 0, 0, 0, 0, 0, 1, 0, 0, 1],
"helperTrieds":[0, 0, 1, 1, 1, 1, 1, 1, 1, 1, 1, 1, 1, 1, 1, 1, 1, 1, 1, 1, 1],
"regularSuccessfuls":[0, 2235, 85, 68, 57, 38, 16, 22, 10, 11, 5, 4, 14, 1, 2, 6, 6, 5, 6, 9, 12],
"regularTrieds":[0, 10118, 1748, 6066, 3900, 6948, 7156, 8533, 8370, 9490, 11077, 7518, 9715, 10021, 10071, 5475, 10292, 7116, 10632, 10468, 14514],
"helperImprovements":[0.0, 0.0, 0.0, 0.0, 0.0, 10.256664081498457, 0.0, 4.0229039829428075, 0.0, 0.22839939373807283, 0.0, 1.4187860122328857, 0.0, 0.0, 0.0, 0.0, 0.0, 0.030950837128330022, 0.0, 0.0, 3.445991265216435],
"regularImprovements":[0.0, 71097.69091566908, 594.9520924400931, 407.2337320785373, 404.31588781591563, 279.67442391167424, 46.92731153607747, 101.81175140829873, 37.28997287329548, 16.806790609851305, 23.403333734917396, 16.02180227228382, 48.722366833055275, 7.252692969806958, 3.3079711927493918, 15.383452628768282, 45.596065626479685, 36.043892553745536, 9.71147605542501, 11.491161424179154, 48.77407022042462],
"numWorkings":[0, 100, 100, 96, 100, 97, 100, 99, 100, 100, 96, 100, 100, 100, 100, 100, 100, 90, 100, 97, 100],
"totalWorkingTimes":[0, 6212062, 5436155, 5534234, 5548682, 5217063, 5304452, 5765743, 5523490, 5698629, 5248637, 5325328, 5184715, 4784660, 4920317, 4536052, 5466211, 4340133, 5425921, 5228501, 5841294]}