Õ{"problemName":"rc110_1.txt",
"populationK":1,
"lsRunTime":140000,
"addFirstNeighborhoods":true,
"numHelperNeighborhoods":0,
"numRounds":11,
"numMappers":20,
"roundLengths":[0, 156840, 148314, 150130, 148479, 148461, 146452, 150844, 147423, 148000, 150496, 148905],
"bestSolCosts":[73110.51652542429, 49376.28245425355, 49065.94905151238, 48837.65941801168, 48743.23994641173, 48572.53147141133, 48514.206014169366, 48421.98905841952, 48312.82248850834, 48192.09333485375, 48147.67100711931, 48100.67221046613],
"helperTimes":[0, 0, 14, 64, 32, 30, 73, 51, 26, 62, 23, 124],
"regularTimes":[0, 138003, 127054, 123625, 120084, 115155, 116508, 128262, 123437, 122851, 124617, 124717],
"helperSuccessfuls":[0, 0, 0, 0, 0, 0, 0, 0, 0, 0, 0, 1],
"helperTrieds":[0, 0, 1, 1, 1, 1, 1, 1, 1, 1, 1, 1],
"regularSuccessfuls":[0, 1675, 73, 40, 36, 30, 16, 28, 27, 33, 18, 13],
"regularTrieds":[0, 20601, 18348, 14262, 15352, 16829, 21584, 17219, 18392, 16866, 19255, 25200],
"helperImprovements":[0.0, 0.0, 0.0, 0.0, 0.0, 0.0, 0.0, 0.0, 0.0, 0.0, 0.0, 1.4777433919589384],
"regularImprovements":[0.0, 23734.234071170737, 310.33340274116927, 228.28963350070262, 94.41947159994743, 170.7084750004069, 58.325457241960976, 92.21695574984915, 109.16656991117634, 120.72915365458903, 44.42232773444266, 45.521053261218185],
"numWorkings":[0, 20, 20, 20, 20, 18, 20, 20, 20, 19, 20, 20],
"totalWorkingTimes":[0, 2638217, 2547378, 2540032, 2269329, 1981456, 2389395, 2508248, 2396535, 2339252, 2369498, 2512531]}