Ï{"problemName":"rc110_1.txt",
"populationK":1,
"lsRunTime":140000,
"addFirstNeighborhoods":true,
"numHelperNeighborhoods":0,
"numRounds":11,
"numMappers":20,
"roundLengths":[0, 152583, 151550, 147118, 152487, 143451, 152469, 152843, 152034, 162276, 149641, 154918],
"bestSolCosts":[70271.5327200897, 50437.56263060798, 49771.63429547429, 49636.66031591022, 49476.33056351291, 49302.48725092373, 49012.94012422637, 48756.82216079302, 48657.38487748691, 48539.372519204764, 48386.76717298851, 48306.03281051438],
"helperTimes":[0, 0, 14, 28, 27, 32, 114, 26, 57, 108, 94, 25],
"regularTimes":[0, 132857, 127879, 129442, 116335, 117616, 118218, 129390, 122389, 118667, 129361, 124654],
"helperSuccessfuls":[0, 0, 0, 0, 0, 0, 0, 0, 0, 0, 1, 0],
"helperTrieds":[0, 0, 1, 1, 1, 1, 1, 1, 1, 1, 1, 1],
"regularSuccessfuls":[0, 1458, 116, 33, 32, 33, 41, 49, 24, 9, 14, 17],
"regularTrieds":[0, 13335, 17206, 18721, 13196, 13081, 17651, 19596, 18462, 8278, 14962, 15993],
"helperImprovements":[0.0, 0.0, 0.0, 0.0, 0.0, 0.0, 0.0, 0.0, 0.0, 0.0, 6.400325743830763, 0.0],
"regularImprovements":[0.0, 26039.01270967313, 665.9283351336926, 134.97397956406348, 160.32975239731604, 173.84331258917518, 289.5471266973618, 256.117963433353, 99.43728330610611, 118.01235828214703, 146.2050204724219, 80.73436247413338],
"numWorkings":[0, 19, 20, 20, 19, 19, 20, 20, 20, 19, 18, 19],
"totalWorkingTimes":[0, 2502571, 2519991, 2480259, 2252369, 2224486, 2407562, 2556058, 2482979, 2094152, 2332932, 2421543]}