È{"problemName":"rc110_1.txt",
"populationK":1,
"lsRunTime":140000,
"addFirstNeighborhoods":true,
"numHelperNeighborhoods":0,
"numRounds":11,
"numMappers":20,
"roundLengths":[0, 161654, 157482, 148058, 155756, 144341, 151458, 153848, 150022, 146353, 148535, 149917],
"bestSolCosts":[71403.66404605997, 50384.01372778136, 49677.756024628856, 49334.09180551187, 48998.592788722075, 48877.82932746328, 48826.380819148515, 48624.679059298214, 48553.80924577303, 48496.028276325254, 48412.92161002793, 48299.845157772565],
"helperTimes":[0, 0, 17, 41, 63, 39, 27, 24, 27, 25, 65, 32],
"regularTimes":[0, 130064, 129240, 124146, 120829, 123291, 125414, 124369, 129498, 126970, 125075, 128958],
"helperSuccessfuls":[0, 0, 0, 0, 0, 0, 0, 0, 0, 0, 0, 0],
"helperTrieds":[0, 0, 1, 1, 1, 1, 1, 1, 1, 1, 1, 1],
"regularSuccessfuls":[0, 1663, 182, 47, 99, 45, 16, 39, 9, 17, 23, 29],
"regularTrieds":[0, 15601, 23148, 19712, 26079, 28490, 22271, 27401, 27171, 25507, 25121, 20301],
"helperImprovements":[0.0, 0.0, 0.0, 0.0, 0.0, 0.0, 0.0, 0.0, 0.0, 0.0, 0.0, 0.0],
"regularImprovements":[0.0, 28191.813302068185, 706.257703152507, 343.66421911698853, 335.4990167897922, 120.76346125879354, 51.448508314766514, 201.70175985030073, 70.86981352518342, 57.78096944777644, 83.10666629732441, 113.07645225536544],
"numWorkings":[0, 20, 20, 19, 20, 19, 20, 20, 20, 19, 20, 20],
"totalWorkingTimes":[0, 2621355, 2553961, 2377908, 2427601, 2355425, 2515798, 2506225, 2572477, 2420628, 2513818, 2587516]}