Í{"problemName":"rc110_1.txt",
"populationK":1,
"lsRunTime":140000,
"addFirstNeighborhoods":true,
"numHelperNeighborhoods":0,
"numRounds":11,
"numMappers":50,
"roundLengths":[0, 151944, 159131, 144168, 149757, 150345, 151460, 147837, 147015, 147256, 153646, 147909],
"bestSolCosts":[68815.56697363417, 49192.35039141114, 48756.88880111237, 48577.079666951846, 48411.48281981727, 48260.114124218155, 48109.797310274, 48063.89471300904, 48051.33294597221, 48014.01675345181, 47943.98393062582, 47933.07262008763],
"helperTimes":[0, 0, 14, 65, 26, 37, 38, 29, 40, 73, 26, 24],
"regularTimes":[0, 133002, 128513, 112488, 123107, 117911, 121273, 121731, 116040, 127570, 126446, 114499],
"helperSuccessfuls":[0, 0, 0, 0, 0, 0, 0, 1, 0, 0, 0, 0],
"helperTrieds":[0, 0, 1, 1, 1, 1, 1, 1, 1, 1, 1, 1],
"regularSuccessfuls":[0, 1747, 137, 51, 56, 44, 19, 17, 6, 18, 12, 1],
"regularTrieds":[0, 27356, 24677, 16526, 22165, 23657, 27517, 26415, 24979, 21195, 23360, 23131],
"helperImprovements":[0.0, 0.0, 0.0, 0.0, 0.0, 0.0, 0.0, 4.567472204718797, 0.0, 0.0, 0.0, 0.0],
"regularImprovements":[0.0, 37622.952451925776, 435.4615902987716, 179.809134160525, 165.59684713457682, 151.3686955991143, 150.316813944155, 41.33512506024272, 12.561767036830133, 37.316192520396726, 70.03282282598957, 10.911310538191174],
"numWorkings":[0, 49, 50, 50, 50, 50, 49, 48, 48, 46, 44, 47],
"totalWorkingTimes":[0, 6554965, 6430314, 5649061, 6139983, 5922932, 5958274, 5865179, 5543483, 5477777, 5542799, 5596847]}