â{"problemName":"rc110_1.txt",
"populationK":1,
"lsRunTime":140000,
"addFirstNeighborhoods":true,
"numHelperNeighborhoods":0,
"numRounds":11,
"numMappers":50,
"roundLengths":[0, 163232, 153235, 154068, 152978, 147136, 151446, 147832, 147026, 146322, 147573, 150904],
"bestSolCosts":[68899.94432411696, 49075.5126152849, 48500.45831889984, 48253.828343878595, 47958.69730385579, 47781.71795789764, 47683.11201870226, 47584.154933675636, 47460.88413771374, 47264.525903404196, 47252.18472588149, 47247.651477027255],
"helperTimes":[0, 0, 18, 21, 28, 28, 77, 31, 36, 55, 40, 37],
"regularTimes":[0, 130986, 123679, 117520, 127961, 120197, 127301, 124102, 124547, 125299, 123496, 125766],
"helperSuccessfuls":[0, 0, 0, 0, 0, 0, 0, 0, 0, 0, 1, 1],
"helperTrieds":[0, 0, 1, 1, 1, 1, 1, 1, 1, 1, 1, 1],
"regularSuccessfuls":[0, 1734, 109, 54, 63, 47, 23, 28, 25, 31, 12, 1],
"regularTrieds":[0, 14935, 15699, 10694, 19062, 18740, 18716, 26048, 20385, 14206, 19344, 22666],
"helperImprovements":[0.0, 0.0, 0.0, 0.0, 0.0, 0.0, 0.0, 0.0, 0.0, 0.0, 0.7160950654215412, 1.7993237063492415],
"regularImprovements":[0.0, 28886.79141749072, 575.0542963850603, 246.629975021242, 295.13104002280306, 176.97934595814877, 98.60593919538223, 98.95708502662455, 123.27079596189287, 196.3582343095477, 11.625082457285316, 2.7339251478842925],
"numWorkings":[0, 50, 50, 49, 50, 50, 50, 50, 46, 50, 49, 49],
"totalWorkingTimes":[0, 6586937, 6221870, 5699997, 6148434, 5976629, 6354428, 6199496, 5753257, 6249283, 6079692, 6155822]}