É{"problemName":"rc110_1.txt",
"populationK":1,
"lsRunTime":140000,
"addFirstNeighborhoods":true,
"numHelperNeighborhoods":0,
"numRounds":11,
"numMappers":50,
"roundLengths":[0, 181329, 187496, 153012, 156289, 147794, 149626, 156614, 154083, 149320, 152957, 145039],
"bestSolCosts":[69806.71443896089, 49722.64408465366, 49048.61561403034, 48899.242413644504, 48658.013678175164, 48492.05881964851, 48388.6438272475, 48290.130570454385, 48232.61643848955, 48165.673441683335, 48077.462139211195, 48023.108486615136],
"helperTimes":[0, 0, 16, 24, 25, 50, 24, 68, 41, 27, 28, 36],
"regularTimes":[0, 167094, 127037, 118566, 115868, 119427, 119919, 122818, 116937, 123966, 125412, 117925],
"helperSuccessfuls":[0, 0, 0, 0, 0, 0, 0, 0, 0, 0, 0, 0],
"helperTrieds":[0, 0, 1, 1, 1, 1, 1, 1, 1, 1, 1, 1],
"regularSuccessfuls":[0, 1280, 135, 47, 69, 39, 23, 24, 23, 22, 13, 13],
"regularTrieds":[0, 10395, 15870, 15878, 16449, 21429, 19764, 17569, 13686, 18324, 19757, 17778],
"helperImprovements":[0.0, 0.0, 0.0, 0.0, 0.0, 0.0, 0.0, 0.0, 0.0, 0.0, 0.0, 0.0],
"regularImprovements":[0.0, 23216.890437654787, 674.0284706233142, 149.37320038583857, 241.22873546933988, 165.95485852665297, 103.41499240101257, 98.51325679311412, 57.514131964831904, 66.9429968062177, 88.21130247214023, 54.353652596058964],
"numWorkings":[0, 49, 50, 50, 50, 50, 50, 50, 48, 50, 50, 50],
"totalWorkingTimes":[0, 6552915, 6449849, 5951836, 6012125, 6027067, 6049466, 6200114, 5599028, 6227172, 6317055, 5961903]}