Ü{"problemName":"rc110_1.txt",
"populationK":1,
"lsRunTime":140000,
"addFirstNeighborhoods":true,
"numHelperNeighborhoods":0,
"numRounds":11,
"numMappers":50,
"roundLengths":[0, 157282, 168222, 134248, 147106, 148830, 155463, 148840, 150022, 149335, 152579, 146893],
"bestSolCosts":[69362.90963137858, 49747.75436352651, 48780.03764297758, 48427.8287038654, 48251.218237088775, 48064.76928401398, 48042.877079244594, 47999.05507898983, 47929.2807633572, 47902.253396722306, 47894.695991127686, 47891.92090511502],
"helperTimes":[0, 0, 22, 47, 19, 47, 23, 52, 24, 28, 30, 48],
"regularTimes":[0, 131833, 126432, 103244, 122887, 118721, 125422, 120386, 127285, 121938, 123376, 123593],
"helperSuccessfuls":[0, 0, 0, 0, 0, 0, 0, 1, 1, 0, 0, 0],
"helperTrieds":[0, 0, 1, 1, 1, 1, 1, 1, 1, 1, 1, 1],
"regularSuccessfuls":[0, 1553, 127, 91, 35, 40, 15, 10, 26, 15, 2, 3],
"regularTrieds":[0, 14750, 18400, 16873, 16389, 20073, 24979, 22054, 16858, 17404, 23050, 20219],
"helperImprovements":[0.0, 0.0, 0.0, 0.0, 0.0, 0.0, 0.0, 9.096701691676571, 1.2426451292121783, 0.0, 0.0, 0.0],
"regularImprovements":[0.0, 28025.23845707374, 967.7167205489313, 352.2089391121772, 176.6104667766267, 186.448953074796, 21.89220476938499, 34.725298563083925, 68.53167050342017, 27.02736663489486, 7.557405594619922, 2.7750860126689076],
"numWorkings":[0, 50, 50, 50, 50, 50, 50, 48, 49, 49, 49, 50],
"totalWorkingTimes":[0, 6621695, 6374317, 5147078, 6026593, 6139548, 6116170, 5857564, 6127799, 6066488, 6062969, 6155470]}