{"problemName":"rc110_1.txt",
"populationK":1,
"lsRunTime":140000,
"addFirstNeighborhoods":true,
"numHelperNeighborhoods":0,
"numRounds":11,
"numMappers":100,
"roundLengths":[0, 164183, 153191, 146901, 152000, 151339, 149449, 147817, 150025, 148338, 150572, 145892],
"bestSolCosts":[69181.75683811193, 49357.628861398756, 48451.2676989334, 48262.78430862488, 48095.34502332612, 48019.05647486189, 47944.52219108508, 47920.43814018034, 47901.132736289495, 47854.86226167836, 47829.2688461649, 47825.85821807996],
"helperTimes":[0, 0, 19, 25, 29, 44, 39, 23, 90, 121, 88, 125],
"regularTimes":[0, 130562, 127761, 116399, 127771, 120983, 124125, 122809, 127496, 125070, 123181, 123134],
"helperSuccessfuls":[0, 0, 0, 0, 0, 0, 1, 0, 1, 1, 1, 1],
"helperTrieds":[0, 0, 1, 1, 1, 1, 1, 1, 1, 1, 1, 1],
"regularSuccessfuls":[0, 1586, 167, 36, 31, 15, 15, 10, 6, 13, 8, 1],
"regularTrieds":[0, 13615, 25315, 15023, 28729, 32871, 29308, 27543, 29446, 21462, 32744, 32344],
"helperImprovements":[0.0, 0.0, 0.0, 0.0, 0.0, 0.0, 7.134956324778614, 0.0, 6.23361340201518, 0.0843308922558208, 2.5285424755784334, 0.35318167846708093],
"regularImprovements":[0.0, 29936.53136187725, 906.3611624653568, 188.4833903085164, 167.43928529876575, 76.28854846422473, 67.3993274520326, 24.08405090474116, 13.07179048882972, 46.18614371887816, 23.064873037881625, 3.0574464064775384],
"numWorkings":[0, 98, 100, 99, 98, 100, 100, 97, 100, 98, 100, 96],
"totalWorkingTimes":[0, 12873032, 12831382, 11320240, 12567196, 12097979, 12438907, 11940751, 12300074, 12205745, 12308295, 11934529]}