à{"problemName":"rc110_1.txt",
"populationK":1,
"lsRunTime":140000,
"addFirstNeighborhoods":true,
"numHelperNeighborhoods":0,
"numRounds":11,
"numMappers":100,
"roundLengths":[0, 152208, 151030, 152051, 147233, 147078, 153461, 151833, 150066, 146298, 149572, 147887],
"bestSolCosts":[69549.82516310435, 49376.076297644526, 48628.1240362405, 48252.7617643732, 48105.22649763445, 48027.57199751648, 47999.8730106945, 47975.36814235573, 47858.28697443039, 47779.84874795542, 47729.34898574065, 47725.26447435834],
"helperTimes":[0, 0, 14, 22, 61, 24, 56, 101, 23, 53, 43, 23],
"regularTimes":[0, 131477, 123650, 111183, 124335, 127064, 127695, 126035, 120142, 122593, 126345, 126701],
"helperSuccessfuls":[0, 0, 0, 0, 0, 0, 0, 1, 0, 0, 0, 0],
"helperTrieds":[0, 0, 1, 1, 1, 1, 1, 1, 1, 1, 1, 1],
"regularSuccessfuls":[0, 1912, 166, 98, 39, 11, 12, 5, 39, 24, 17, 1],
"regularTrieds":[0, 13804, 11966, 19054, 22016, 26628, 23257, 22376, 15788, 24502, 26646, 28883],
"helperImprovements":[0.0, 0.0, 0.0, 0.0, 0.0, 0.0, 0.0, 0.9076516112836543, 0.0, 0.0, 0.0, 0.0],
"regularImprovements":[0.0, 40436.115225320886, 747.9522614040252, 375.36227186729957, 147.53526673874876, 77.65450011796929, 27.698986821982544, 23.597216727488558, 117.08116792533838, 78.43822647497291, 50.499762214763905, 4.084511382316123],
"numWorkings":[0, 99, 100, 98, 96, 99, 97, 99, 100, 100, 99, 99],
"totalWorkingTimes":[0, 13000948, 12410626, 11726536, 11941119, 12606481, 12331137, 12593566, 12059523, 12263213, 12453648, 12502756]}