Þ{"problemName":"rc110_1.txt",
"populationK":1,
"lsRunTime":140000,
"addFirstNeighborhoods":true,
"numHelperNeighborhoods":0,
"numRounds":11,
"numMappers":100,
"roundLengths":[0, 187299, 159463, 147966, 168470, 150785, 146611, 170173, 148403, 159530, 149837, 147095],
"bestSolCosts":[69590.60450625082, 49553.72563271318, 48980.32085321343, 48706.93173540111, 48373.0793770238, 48156.51817856378, 48020.04272800565, 47911.0330214176, 47885.79041699261, 47862.14159830994, 47782.45724654423, 47742.027831563],
"helperTimes":[0, 0, 28, 40, 27, 59, 86, 32, 57, 66, 76, 24],
"regularTimes":[0, 132063, 130207, 125449, 111757, 124278, 125295, 125138, 130278, 122440, 124078, 122899],
"helperSuccessfuls":[0, 0, 0, 0, 0, 0, 0, 0, 1, 0, 0, 0],
"helperTrieds":[0, 0, 1, 1, 1, 1, 1, 1, 1, 1, 1, 1],
"regularSuccessfuls":[0, 1629, 105, 78, 67, 31, 33, 40, 13, 6, 18, 8],
"regularTrieds":[0, 18522, 18118, 19372, 14677, 15016, 20006, 24255, 20312, 20189, 21601, 31023],
"helperImprovements":[0.0, 0.0, 0.0, 0.0, 0.0, 0.0, 0.0, 0.0, 2.2110543401213363, 0.0, 0.0, 0.0],
"regularImprovements":[0.0, 23623.249606809295, 573.4047794997532, 273.3891178123231, 333.8523583773058, 216.5611984600182, 136.4754505581368, 109.00970658804727, 23.031550084866467, 23.648818682668207, 79.68435176571074, 40.429414981234004],
"numWorkings":[0, 100, 100, 100, 95, 100, 99, 97, 96, 100, 96, 100],
"totalWorkingTimes":[0, 13070780, 12622953, 12529234, 10923099, 12443541, 12254001, 12132728, 11990172, 12418035, 11989585, 12319100]}