	#{"problemName":"rc110_1.txt",
"populationK":20,
"lsRunTime":70000,
"addFirstNeighborhoods":true,
"numHelperNeighborhoods":0,
"numRounds":20,
"numMappers":100,
"roundLengths":[0, 93101, 78737, 81832, 79817, 80951, 89811, 87779, 84805, 74561, 83932, 83655, 77736, 79766, 80664, 80033, 80787, 79885, 77640, 78718, 80880],
"bestSolCosts":[71098.67909934215, 49665.48128586617, 49180.97188927222, 48961.652287647186, 48702.278592073046, 48520.66573963684, 48383.91655162104, 48286.44224310765, 48192.3417981845, 48136.94683794008, 48063.41979887779, 47992.665206985206, 47920.57185185672, 47848.79577228179, 47780.66466830207, 47760.79339127212, 47732.49412025095, 47689.46924904682, 47638.55420404035, 47618.12358556782, 47601.98750162341],
"helperTimes":[0, 0, 19, 31, 19, 161, 55, 32, 28, 78, 83, 68, 80, 34, 61, 43, 86, 80, 26, 39, 29],
"regularTimes":[0, 61857, 57228, 56565, 54970, 52007, 52729, 55024, 54538, 54397, 50219, 37860, 52260, 56349, 48256, 54648, 19740, 55165, 54421, 55521, 51390],
"helperSuccessfuls":[0, 0, 0, 0, 1, 0, 0, 0, 0, 1, 1, 0, 1, 0, 0, 0, 1, 0, 0, 0, 0],
"helperTrieds":[0, 0, 1, 1, 1, 1, 1, 1, 1, 1, 1, 1, 1, 1, 1, 1, 1, 1, 1, 1, 1],
"regularSuccessfuls":[0, 1334, 107, 56, 91, 37, 24, 22, 15, 10, 21, 12, 21, 7, 15, 7, 3, 7, 9, 4, 2],
"regularTrieds":[0, 9631, 4950, 7037, 7065, 7254, 7154, 7725, 7834, 7884, 11674, 5471, 6187, 7836, 8408, 11155, 2291, 8127, 10265, 13580, 6409],
"helperImprovements":[0.0, 0.0, 0.0, 0.0, 3.174816721373645, 0.0, 0.0, 0.0, 0.0, 1.1172313221250079, 13.727996110435924, 0.0, 1.9013868387337425, 0.0, 0.0, 0.0, 0.23997851397871273, 0.0, 0.0, 0.0, 0.0],
"regularImprovements":[0.0, 21611.608216360626, 484.509396593945, 219.31960162503674, 283.8082899198853, 181.6128524362066, 136.7491880157977, 97.47430851338868, 94.10044492315501, 54.277728922294045, 59.79904295185406, 70.75459189258254, 70.19196828974964, 79.77360102016974, 68.13110397971468, 19.87127702995349, 28.05929250719055, 43.02487120412843, 50.91504500646988, 20.43061847253557, 16.13608394440962],
"numWorkings":[0, 97, 100, 100, 99, 100, 100, 100, 100, 95, 98, 100, 100, 100, 100, 100, 39, 100, 100, 99, 100],
"totalWorkingTimes":[0, 6061926, 5728950, 5661992, 5310625, 5206853, 5364606, 5510035, 5547264, 5264634, 5022354, 5017130, 5330360, 5199860, 4995721, 5503699, 3272198, 5589545, 5531390, 5534622, 5262692]}