{"problemName":"rc110_1.txt",
"populationK":1,
"lsRunTime":140000,
"addFirstNeighborhoods":true,
"numHelperNeighborhoods":0,
"numRounds":11,
"numMappers":100,
"roundLengths":[0, 172243, 151406, 184109, 144327, 160905, 147630, 150480, 159003, 150357, 177145, 147944],
"bestSolCosts":[71087.54862451657, 49501.24145406031, 48818.78986260214, 48516.69375249069, 48325.90377606372, 48245.80238637314, 48184.32717030853, 48049.692400830805, 47992.147215545505, 47957.839426449216, 47823.43039809091, 47754.51383618284],
"helperTimes":[0, 0, 19, 32, 31, 24, 60, 35, 43, 45, 29, 39],
"regularTimes":[0, 127786, 126069, 107895, 119766, 121836, 122063, 126024, 123413, 127084, 123596, 126223],
"helperSuccessfuls":[0, 0, 0, 0, 0, 0, 0, 1, 0, 1, 0, 1],
"helperTrieds":[0, 0, 1, 1, 1, 1, 1, 1, 1, 1, 1, 1],
"regularSuccessfuls":[0, 1491, 134, 85, 53, 25, 23, 18, 11, 9, 18, 31],
"regularTrieds":[0, 15224, 13342, 14649, 19631, 23021, 20810, 26581, 17693, 21379, 28319, 32154],
"helperImprovements":[0.0, 0.0, 0.0, 0.0, 0.0, 0.0, 0.0, 0.4521798339628731, 0.0, 3.057704914652277, 0.0, 7.282760501315352],
"regularImprovements":[0.0, 25356.300679423504, 682.4515914581716, 302.0961101114517, 190.78997642696777, 80.1013896905788, 61.47521606461669, 134.18258964375855, 57.54518528530025, 31.25008418163634, 134.4090283583064, 61.633801406751445],
"numWorkings":[0, 98, 100, 100, 100, 99, 98, 99, 100, 100, 100, 100],
"totalWorkingTimes":[0, 12149921, 12574056, 11039700, 12021853, 12111384, 12065744, 12398585, 12467979, 12438936, 12091665, 12656615]}