Å{"problemName":"rc110_1.txt",
"populationK":1,
"lsRunTime":70000,
"addFirstNeighborhoods":true,
"numHelperNeighborhoods":0,
"numRounds":20,
"numMappers":1,
"roundLengths":[0, 90845, 81276, 77794, 77159, 79721, 83681, 77132, 78694, 80019, 79718, 81592, 98455, 79160, 90572, 77946, 80352, 79686, 78643, 77362, 77608],
"bestSolCosts":[81087.3676531311, 52490.062000934944, 52074.346320642406, 51847.58602557979, 51555.50481970142, 51436.56690930938, 51304.50453694399, 51016.72409641103, 50906.61264678813, 50627.002741807555, 50595.65216753419, 50511.895723664755, 50453.92999622429, 50407.289983308605, 50391.386735306434, 50327.19798668302, 50307.090401815345, 50265.886121422765, 49987.63618307871, 49861.78043451265, 49765.220386832974],
"helperTimes":[0, 0, 0, 0, 0, 0, 0, 0, 0, 0, 0, 0, 0, 0, 0, 0, 0, 0, 0, 0, 0],
"regularTimes":[0, 63715, 51061, 42681, 55601, 58371, 55579, 55725, 58741, 57620, 55994, 58882, 56548, 56914, 71519, 59199, 59209, 52747, 54786, 57672, 60314],
"helperSuccessfuls":[0, 0, 0, 0, 0, 0, 0, 0, 0, 0, 0, 0, 0, 0, 0, 0, 0, 0, 0, 0, 0],
"helperTrieds":[0, 0, 0, 0, 0, 0, 0, 0, 0, 0, 0, 0, 0, 0, 0, 0, 0, 0, 0, 0, 0],
"regularSuccessfuls":[0, 1356, 69, 20, 71, 51, 21, 55, 26, 58, 6, 7, 11, 14, 5, 2, 3, 19, 47, 40, 13],
"regularTrieds":[0, 7721, 703, 122, 1140, 4261, 8833, 5457, 10933, 8139, 8566, 7657, 8549, 5310, 6495, 7860, 8148, 5176, 6965, 8082, 9509],
"helperImprovements":[0.0, 0.0, 0.0, 0.0, 0.0, 0.0, 0.0, 0.0, 0.0, 0.0, 0.0, 0.0, 0.0, 0.0, 0.0, 0.0, 0.0, 0.0, 0.0, 0.0, 0.0],
"regularImprovements":[0.0, 28597.305652196163, 415.7156802925383, 226.76029506261693, 292.0812058783704, 118.93791039203643, 132.06237236539164, 287.7804405329589, 110.11144962289836, 279.609904980578, 31.350574273368693, 83.75644386943168, 57.96572744046716, 46.640012915682746, 15.903248002170585, 64.18874862341181, 20.10758486767736, 41.204280392579676, 278.24993834405905, 125.85574856605672, 96.56004767967534],
"numWorkings":[0, 1, 1, 1, 1, 1, 1, 1, 1, 1, 1, 1, 1, 1, 1, 1, 1, 1, 1, 1, 1],
"totalWorkingTimes":[0, 63715, 51061, 42681, 55601, 58371, 55579, 55725, 58741, 57620, 55994, 58882, 56548, 56914, 71519, 59199, 59209, 52747, 54786, 57672, 60314]}