Å{"problemName":"rc110_1.txt",
"populationK":1,
"lsRunTime":70000,
"addFirstNeighborhoods":true,
"numHelperNeighborhoods":0,
"numRounds":20,
"numMappers":1,
"roundLengths":[0, 84838, 80226, 81149, 79864, 81722, 79709, 81109, 78468, 78594, 79365, 82218, 78848, 87272, 83106, 77236, 79603, 80362, 79599, 78497, 78645],
"bestSolCosts":[81809.31011398949, 52781.81559239252, 52751.37336663024, 52425.27823393758, 52037.90474934562, 51652.16771238275, 51475.946145965056, 51397.869449772355, 51279.50330502996, 51106.49738914814, 50902.00095973946, 50845.90286820091, 50843.36073934361, 50822.47017619318, 50789.72539436548, 50787.26350460164, 50685.48975995801, 50570.891082025715, 50527.915241020586, 50473.40091430364, 50382.52310099996],
"helperTimes":[0, 0, 0, 1, 0, 0, 0, 0, 0, 0, 0, 0, 0, 0, 0, 0, 0, 0, 0, 0, 0],
"regularTimes":[0, 54170, 36659, 40685, 55520, 57803, 55117, 55895, 55596, 53999, 58742, 58135, 56802, 65818, 58131, 57763, 61389, 59436, 59079, 60515, 60745],
"helperSuccessfuls":[0, 0, 0, 0, 0, 0, 0, 0, 0, 0, 0, 0, 0, 0, 0, 0, 0, 0, 0, 0, 0],
"helperTrieds":[0, 0, 0, 0, 0, 0, 0, 0, 0, 0, 0, 0, 0, 0, 0, 0, 0, 0, 0, 0, 0],
"regularSuccessfuls":[0, 1184, 12, 74, 81, 63, 19, 25, 25, 42, 47, 7, 4, 19, 18, 4, 17, 26, 12, 23, 15],
"regularTrieds":[0, 6263, 211, 913, 1806, 3332, 2143, 5313, 2722, 5295, 5958, 6298, 7596, 6813, 6873, 7085, 8333, 5704, 6052, 8732, 10067],
"helperImprovements":[0.0, 0.0, 0.0, 0.0, 0.0, 0.0, 0.0, 0.0, 0.0, 0.0, 0.0, 0.0, 0.0, 0.0, 0.0, 0.0, 0.0, 0.0, 0.0, 0.0, 0.0],
"regularImprovements":[0.0, 29027.494521596964, 30.442225762279122, 326.0951326926661, 387.37348459196073, 385.73703696286975, 176.22156641769106, 78.07669619270018, 118.36614474239468, 173.0059158818185, 204.49642940868216, 56.09809153855167, 2.5421288572979392, 20.890563150431262, 32.744781827699626, 2.461889763842919, 101.77374464362947, 114.59867793229205, 42.97584100512904, 54.514326716947835, 90.8778133036758],
"numWorkings":[0, 1, 1, 1, 1, 1, 1, 1, 1, 1, 1, 1, 1, 1, 1, 1, 1, 1, 1, 1, 1],
"totalWorkingTimes":[0, 54170, 36659, 40686, 55520, 57803, 55117, 55895, 55596, 53999, 58742, 58135, 56802, 65818, 58131, 57763, 61389, 59436, 59079, 60515, 60745]}