f{"problemName":"rc110_1.txt",
"populationK":1,
"lsRunTime":70000,
"addFirstNeighborhoods":true,
"numHelperNeighborhoods":0,
"numRounds":20,
"numMappers":1,
"roundLengths":[0, 89896, 76182, 81294, 80731, 83795, 81632, 79091, 79611, 81041, 77816, 89225, 77839, 81101, 79672, 81824, 80629, 81341, 79106, 76981, 79608],
"bestSolCosts":[77630.08014172767, 50866.93278643209, 50671.7276456356, 50468.908178346646, 50266.64881450139, 50053.42099061047, 49911.522591950816, 49854.935137733686, 49619.83857065315, 49518.95063396856, 49407.24530157598, 49273.559706441934, 49151.84411758684, 49111.26865310657, 49107.5237792797, 49096.2703981992, 49096.03538320931, 49079.91797312323, 49070.286046377, 49070.286046377, 49058.570731189364],
"helperTimes":[0, 0, 0, 0, 0, 0, 0, 0, 0, 0, 0, 0, 0, 0, 0, 0, 0, 1, 0, 0, 0],
"regularTimes":[0, 61456, 55339, 55984, 53634, 54801, 55819, 58395, 53158, 55246, 57543, 60321, 58023, 58734, 58895, 57884, 59855, 60369, 59348, 58900, 62649],
"helperSuccessfuls":[0, 0, 0, 0, 0, 0, 0, 0, 0, 0, 0, 0, 0, 0, 0, 0, 0, 0, 0, 0, 0],
"helperTrieds":[0, 0, 0, 0, 0, 0, 0, 0, 0, 0, 0, 0, 0, 0, 0, 0, 0, 0, 0, 0, 0],
"regularSuccessfuls":[0, 1327, 53, 53, 23, 39, 40, 13, 39, 31, 28, 20, 25, 20, 4, 1, 1, 10, 3, 0, 6],
"regularTrieds":[0, 7404, 1043, 6539, 2937, 3138, 6040, 4434, 3770, 4588, 6939, 4878, 4247, 5044, 5520, 7741, 6760, 3976, 7935, 8417, 8586],
"helperImprovements":[0.0, 0.0, 0.0, 0.0, 0.0, 0.0, 0.0, 0.0, 0.0, 0.0, 0.0, 0.0, 0.0, 0.0, 0.0, 0.0, 0.0, 0.0, 0.0, 0.0, 0.0],
"regularImprovements":[0.0, 26763.14735529558, 195.20514079649, 202.81946728895127, 202.25936384525994, 213.227823890913, 141.8983986596577, 56.58745421712956, 235.09656708053808, 100.88793668458675, 111.7053323925793, 133.68559513404762, 121.71558885509148, 40.575464480272785, 3.744873826872208, 11.253381080496183, 0.23501498989207903, 16.11741008608078, 9.63192674623133, 0.0, 11.715315187633678],
"numWorkings":[0, 1, 1, 1, 1, 1, 1, 1, 1, 1, 1, 1, 1, 1, 1, 1, 1, 1, 1, 1, 1],
"totalWorkingTimes":[0, 61456, 55339, 55984, 53634, 54801, 55819, 58395, 53158, 55246, 57543, 60321, 58023, 58734, 58895, 57884, 59855, 60370, 59348, 58900, 62649]}