l{"problemName":"rc110_1.txt",
"populationK":1,
"lsRunTime":70000,
"addFirstNeighborhoods":true,
"numHelperNeighborhoods":0,
"numRounds":20,
"numMappers":1,
"roundLengths":[0, 90831, 77268, 80419, 78580, 77160, 81227, 80108, 78591, 77031, 79804, 80713, 80357, 90128, 83682, 82821, 79351, 79615, 82139, 75952, 78760],
"bestSolCosts":[84599.23253287219, 52179.61203604061, 51592.341974536765, 51378.91444766877, 50988.258087682996, 50839.50007104132, 50654.38119094536, 50541.46353053781, 50415.999309402214, 50387.4471048988, 50089.30152574336, 50062.24775524732, 50026.09197196885, 49946.24249094225, 49862.32042120919, 49849.05384121708, 49803.19769243819, 49793.76742029334, 49787.81000743519, 49759.65514772448, 49759.65514772448],
"helperTimes":[0, 0, 0, 0, 0, 0, 0, 0, 0, 0, 0, 0, 0, 0, 0, 0, 0, 0, 0, 0, 0],
"regularTimes":[0, 64742, 46436, 37439, 57798, 57174, 54470, 56784, 59873, 54309, 57233, 59017, 57248, 59206, 55632, 56099, 57905, 56989, 60625, 54764, 56347],
"helperSuccessfuls":[0, 0, 0, 0, 0, 0, 0, 0, 0, 0, 0, 0, 0, 0, 0, 0, 0, 0, 0, 0, 0],
"helperTrieds":[0, 0, 0, 0, 0, 0, 0, 0, 0, 0, 0, 0, 0, 0, 0, 0, 0, 0, 0, 0, 0],
"regularSuccessfuls":[0, 1291, 105, 66, 89, 35, 41, 20, 33, 20, 32, 12, 8, 8, 9, 7, 13, 2, 3, 4, 0],
"regularTrieds":[0, 6261, 1692, 2079, 4983, 2913, 6907, 6651, 6197, 7794, 5246, 6919, 8127, 8370, 6513, 9235, 13246, 9182, 11976, 11095, 11311],
"helperImprovements":[0.0, 0.0, 0.0, 0.0, 0.0, 0.0, 0.0, 0.0, 0.0, 0.0, 0.0, 0.0, 0.0, 0.0, 0.0, 0.0, 0.0, 0.0, 0.0, 0.0, 0.0],
"regularImprovements":[0.0, 32419.62049683158, 587.2700615038484, 213.42752686799213, 390.65635998577636, 148.75801664167375, 185.1188800959644, 112.91766040754737, 125.46422113559674, 28.55220450341585, 298.1455791554399, 27.053770496037032, 36.155783278467425, 79.84948102660564, 83.9220697330602, 13.266579992108746, 45.8561487788902, 9.43027214484755, 5.957412858151656, 28.154859710710298, 0.0],
"numWorkings":[0, 1, 1, 1, 1, 1, 1, 1, 1, 1, 1, 1, 1, 1, 1, 1, 1, 1, 1, 1, 1],
"totalWorkingTimes":[0, 64742, 46436, 37439, 57798, 57174, 54470, 56784, 59873, 54309, 57233, 59017, 57248, 59206, 55632, 56099, 57905, 56989, 60625, 54764, 56347]}