—{"problemName":"rc110_1.txt",
"populationK":2,
"lsRunTime":70000,
"addFirstNeighborhoods":true,
"numHelperNeighborhoods":0,
"numRounds":20,
"numMappers":2,
"roundLengths":[0, 86744, 74221, 85471, 77791, 82226, 78954, 81097, 76703, 79937, 78819, 83207, 78844, 81110, 79542, 88964, 77326, 81643, 79591, 81499, 78763],
"bestSolCosts":[69824.8223527743, 51501.57779925071, 50968.65598524789, 50556.047517669846, 50304.294747507454, 50022.99401360916, 49950.74237079633, 49872.21361221455, 49749.75899466643, 49631.70703599788, 49440.446687689575, 49433.14986173457, 49306.13243281551, 49143.94528800139, 49107.23305012347, 49086.77548754962, 49058.97386867439, 49047.63422529692, 49045.58465450233, 49044.94346380083, 49044.94346380083],
"helperTimes":[0, 0, 16, 24, 21, 22, 20, 16, 20, 21, 25, 34, 56, 16, 17, 115, 49, 32, 20, 23, 22],
"regularTimes":[0, 63668, 53659, 49804, 57893, 58733, 54691, 59249, 54932, 61034, 60168, 57759, 53095, 57940, 58625, 58262, 57992, 60104, 59099, 63360, 58407],
"helperSuccessfuls":[0, 0, 0, 0, 0, 0, 0, 0, 0, 0, 0, 0, 0, 0, 0, 0, 0, 0, 0, 0, 0],
"helperTrieds":[0, 0, 1, 1, 1, 1, 1, 1, 1, 1, 1, 1, 1, 1, 1, 1, 1, 1, 1, 1, 1],
"regularSuccessfuls":[0, 1109, 59, 69, 40, 46, 21, 26, 21, 37, 46, 4, 33, 31, 14, 9, 6, 3, 1, 2, 0],
"regularTrieds":[0, 5593, 2252, 2517, 3781, 1572, 3106, 5514, 4821, 4135, 3847, 7025, 6308, 6397, 7932, 7822, 10623, 9123, 11250, 14315, 12006],
"helperImprovements":[0.0, 0.0, 0.0, 0.0, 0.0, 0.0, 0.0, 0.0, 0.0, 0.0, 0.0, 0.0, 0.0, 0.0, 0.0, 0.0, 0.0, 0.0, 0.0, 0.0, 0.0],
"regularImprovements":[0.0, 18323.24455352359, 532.921814002817, 412.6084675780439, 251.75277016239124, 281.3007338982934, 72.25164281282923, 78.52875858177867, 122.45461754812277, 118.05195866854774, 191.26034830830758, 7.296825955003442, 127.01742891906179, 162.18714481411735, 36.71223787792405, 20.457562573850737, 27.801618875229906, 11.339643377468747, 2.0495707945883623, 0.6411907014989993, 0.0],
"numWorkings":[0, 2, 2, 2, 2, 2, 2, 2, 2, 2, 2, 2, 2, 2, 2, 2, 2, 2, 2, 2, 2],
"totalWorkingTimes":[0, 127599, 106473, 98693, 115904, 117315, 112006, 118552, 110317, 119315, 120163, 115124, 110002, 115740, 117372, 116712, 116179, 120384, 118168, 123631, 117129]}