Ÿ{"problemName":"rc110_1.txt",
"populationK":2,
"lsRunTime":70000,
"addFirstNeighborhoods":true,
"numHelperNeighborhoods":0,
"numRounds":20,
"numMappers":2,
"roundLengths":[0, 87736, 84771, 76928, 79791, 78050, 82125, 78736, 80076, 76924, 79716, 79304, 76833, 84267, 84109, 83162, 79686, 81366, 79611, 78481, 79766],
"bestSolCosts":[80295.59550588155, 52919.738937716924, 52513.97501664556, 52074.80621548493, 51590.13457196981, 51496.799453576634, 50958.995137070386, 50659.94642696519, 50544.546298744695, 50402.06815126865, 50340.63232752658, 50192.74840815907, 49776.30199485708, 49760.8804321579, 49723.104175521374, 49649.85599337959, 49633.61427687989, 49625.67230724974, 49610.58003619307, 49605.44405665178, 49597.536442790006],
"helperTimes":[0, 0, 20, 20, 21, 22, 27, 20, 21, 26, 19, 17, 22, 31, 38, 16, 44, 109, 25, 25, 29],
"regularTimes":[0, 60574, 57515, 56554, 56113, 8856, 53016, 53040, 54566, 57061, 59173, 60562, 58564, 59491, 63503, 61222, 59174, 57802, 48351, 60700, 57107],
"helperSuccessfuls":[0, 0, 0, 0, 0, 0, 0, 0, 0, 0, 0, 0, 0, 0, 0, 0, 0, 0, 0, 0, 0],
"helperTrieds":[0, 0, 1, 1, 1, 1, 1, 1, 1, 1, 1, 1, 1, 1, 1, 1, 1, 1, 1, 1, 1],
"regularSuccessfuls":[0, 1157, 37, 52, 73, 24, 92, 44, 37, 17, 14, 38, 43, 4, 14, 14, 8, 6, 8, 4, 2],
"regularTrieds":[0, 6533, 207, 292, 425, 519, 1849, 3343, 4851, 5233, 7967, 7655, 5501, 2681, 2767, 7465, 8889, 5241, 5222, 10822, 10687],
"helperImprovements":[0.0, 0.0, 0.0, 0.0, 0.0, 0.0, 0.0, 0.0, 0.0, 0.0, 0.0, 0.0, 0.0, 0.0, 0.0, 0.0, 0.0, 0.0, 0.0, 0.0, 0.0],
"regularImprovements":[0.0, 27375.85656816462, 405.7639210713605, 439.1688011606311, 484.67164351512474, 93.33511839317362, 537.8043165062481, 299.04871010519855, 115.40012822049175, 142.4781474760457, 61.43582374206744, 147.88391936751577, 416.44641330198647, 15.421562699179049, 37.77625663652725, 73.24818214178231, 16.241716499702306, 7.941969630148378, 15.09227105667378, 5.1359795412863605, 7.907613861774735],
"numWorkings":[0, 2, 2, 2, 2, 0, 2, 2, 2, 2, 2, 2, 2, 2, 2, 2, 2, 2, 2, 2, 2],
"totalWorkingTimes":[0, 120969, 116449, 112304, 111568, 17825, 107944, 108049, 111234, 115265, 118306, 119443, 116946, 118819, 127022, 122515, 118420, 116177, 97937, 121507, 117478]}