¤{"problemName":"rc110_1.txt",
"populationK":2,
"lsRunTime":70000,
"addFirstNeighborhoods":true,
"numHelperNeighborhoods":0,
"numRounds":20,
"numMappers":2,
"roundLengths":[0, 83719, 78562, 89155, 77803, 77238, 81918, 77859, 82952, 78315, 76424, 78197, 81850, 82109, 79666, 75814, 80351, 81624, 80768, 79328, 80646],
"bestSolCosts":[89156.44151527432, 52809.44172535107, 52445.35244611574, 51997.348098746625, 51659.849226659426, 51359.56834862139, 51132.49339160303, 50742.83567538332, 50561.24910979442, 50383.716520883, 50276.898405412016, 50244.16742897975, 49955.52824143431, 49923.20413789185, 49819.62695432029, 49813.1532368807, 49800.29436326547, 49799.57769909759, 49798.66873066298, 49774.10888253762, 49751.73493785334],
"helperTimes":[0, 0, 12, 22, 18, 1, 31, 52, 23, 65, 37, 48, 24, 25, 27, 18, 26, 30, 60, 15, 33],
"regularTimes":[0, 65326, 58655, 52520, 40113, 58526, 57536, 57540, 56380, 55890, 54855, 59513, 61564, 58091, 58613, 56012, 60794, 56488, 59416, 60302, 60954],
"helperSuccessfuls":[0, 0, 0, 0, 0, 0, 0, 0, 0, 0, 0, 0, 0, 0, 0, 0, 0, 0, 0, 0, 0],
"helperTrieds":[0, 0, 1, 1, 1, 0, 1, 1, 1, 1, 1, 1, 1, 1, 1, 1, 1, 1, 1, 1, 1],
"regularSuccessfuls":[0, 1417, 73, 66, 55, 44, 41, 71, 35, 59, 34, 12, 27, 12, 23, 2, 3, 2, 2, 15, 14],
"regularTrieds":[0, 7257, 1804, 901, 3871, 5502, 9317, 5066, 6039, 4110, 5551, 8434, 8653, 7833, 7660, 9245, 10286, 7961, 12355, 12755, 11725],
"helperImprovements":[0.0, 0.0, 0.0, 0.0, 0.0, 0.0, 0.0, 0.0, 0.0, 0.0, 0.0, 0.0, 0.0, 0.0, 0.0, 0.0, 0.0, 0.0, 0.0, 0.0, 0.0],
"regularImprovements":[0.0, 36346.99978992325, 364.0892792353261, 448.0043473691185, 337.49887208719883, 300.28087803803646, 227.0749570183616, 404.6966209962775, 181.58656558889925, 177.53258891142468, 106.81811547098187, 32.73097643226356, 288.63918754544284, 32.32410354245803, 103.57718357156409, 6.473717439585016, 12.85887361523055, 0.7166641678850283, 0.9089684346035938, 24.559848125361896, 22.373944684281014],
"numWorkings":[0, 2, 2, 2, 1, 2, 2, 2, 2, 2, 2, 2, 2, 2, 2, 2, 2, 2, 2, 2, 2],
"totalWorkingTimes":[0, 129749, 117449, 105318, 41465, 117004, 115273, 114460, 113330, 113018, 111562, 119202, 123265, 115835, 117398, 111986, 121646, 117690, 118695, 120674, 120984]}