z{"problemName":"rc110_1.txt",
"populationK":2,
"lsRunTime":70000,
"addFirstNeighborhoods":true,
"numHelperNeighborhoods":0,
"numRounds":20,
"numMappers":2,
"roundLengths":[0, 93156, 90155, 84039, 76589, 79793, 81712, 94294, 73096, 79601, 78063, 83255, 78069, 81102, 79164, 80522, 77607, 77792, 78484, 79980, 79609],
"bestSolCosts":[79297.68192429739, 52101.677420448046, 52101.677420448046, 50930.51369519615, 50594.0944875716, 50082.24285162883, 49990.81688256742, 49922.21004751727, 49813.37088366041, 49696.2320263617, 49689.69830639548, 49637.72234063118, 49636.25080877052, 49636.25080877052, 49557.65523815541, 49389.155222429355, 49362.03604447253, 49309.2288745825, 49305.37359740398, 49200.442370458484, 49167.916121195354],
"helperTimes":[0, 0, 16, 0, 48, 21, 19, 33, 25, 57, 106, 36, 25, 77, 14, 29, 26, 54, 35, 17, 40],
"regularTimes":[0, 42398, 0, 50448, 51736, 60890, 57474, 54539, 53552, 59200, 52633, 60535, 59073, 57918, 58511, 54574, 55050, 46867, 57928, 55937, 53893],
"helperSuccessfuls":[0, 0, 0, 0, 0, 0, 0, 0, 0, 0, 0, 0, 0, 0, 0, 0, 0, 0, 0, 0, 0],
"helperTrieds":[0, 0, 1, 0, 1, 1, 1, 1, 1, 1, 1, 1, 1, 1, 1, 1, 1, 1, 1, 1, 1],
"regularSuccessfuls":[0, 1305, 0, 141, 86, 160, 24, 13, 31, 30, 9, 20, 2, 0, 16, 27, 8, 10, 1, 28, 18],
"regularTrieds":[0, 6085, 0, 1189, 2497, 4968, 7401, 5919, 2518, 8285, 7612, 7589, 12441, 8784, 8113, 9365, 9107, 7093, 11841, 14983, 13480],
"helperImprovements":[0.0, 0.0, 0.0, 0.0, 0.0, 0.0, 0.0, 0.0, 0.0, 0.0, 0.0, 0.0, 0.0, 0.0, 0.0, 0.0, 0.0, 0.0, 0.0, 0.0, 0.0],
"regularImprovements":[0.0, 30081.587349326, 0.0, 1171.1637252518995, 336.4192076245454, 511.851635942774, 91.42596906140534, 68.60683505015186, 108.83916385685734, 117.13885729871254, 6.533719966217177, 51.97596576430078, 1.4715318606613437, 0.0, 78.59557061511441, 168.50001572605106, 27.119177956825297, 52.80716989003122, 3.8552771785180084, 104.93122694549675, 32.52624926313001],
"numWorkings":[0, 2, 0, 2, 2, 2, 2, 2, 2, 2, 2, 2, 2, 2, 2, 2, 2, 2, 2, 2, 2],
"totalWorkingTimes":[0, 84777, 36, 100552, 104790, 120853, 116097, 109000, 103870, 118382, 105217, 120954, 118327, 116187, 116963, 113652, 108505, 93992, 115831, 112216, 107796]}