ƒ{"problemName":"rc110_1.txt",
"populationK":5,
"lsRunTime":70000,
"addFirstNeighborhoods":true,
"numHelperNeighborhoods":0,
"numRounds":20,
"numMappers":5,
"roundLengths":[0, 91493, 74962, 79951, 75775, 82097, 81074, 82884, 77835, 80430, 77316, 82323, 77834, 80107, 80662, 80826, 82624, 79352, 77600, 80489, 77605],
"bestSolCosts":[79897.46691266623, 51418.86223436522, 51102.43250187731, 50710.963612260355, 50358.61152489683, 50055.772115382584, 49951.4167690824, 49698.44161399496, 49408.86674986408, 49363.6036134647, 49303.62893036675, 49287.961981238346, 49282.6152980257, 49279.870622378716, 49163.14262767227, 49158.33804089035, 49158.33804089035, 49153.70559828991, 49153.70559828991, 49149.91437741713, 49128.6687497675],
"helperTimes":[0, 0, 21, 21, 26, 59, 28, 23, 48, 43, 27, 26, 41, 24, 33, 30, 51, 16, 25, 30, 24],
"regularTimes":[0, 56416, 45327, 59030, 50370, 60025, 41533, 55360, 56443, 57044, 52804, 57185, 57105, 58220, 57289, 58838, 57894, 57840, 58906, 58630, 59879],
"helperSuccessfuls":[0, 0, 0, 0, 0, 0, 0, 0, 0, 0, 0, 0, 0, 0, 0, 0, 0, 0, 0, 0, 0],
"helperTrieds":[0, 0, 1, 1, 1, 1, 1, 1, 1, 1, 1, 1, 1, 1, 1, 1, 1, 1, 1, 1, 1],
"regularSuccessfuls":[0, 1366, 49, 69, 80, 45, 23, 35, 42, 16, 24, 14, 7, 5, 11, 2, 0, 1, 0, 5, 7],
"regularTrieds":[0, 7536, 1135, 1008, 1926, 5356, 5574, 4401, 5351, 3682, 6847, 8656, 8295, 7845, 8351, 8704, 9922, 10321, 5865, 12085, 12880],
"helperImprovements":[0.0, 0.0, 0.0, 0.0, 0.0, 0.0, 0.0, 0.0, 0.0, 0.0, 0.0, 0.0, 0.0, 0.0, 0.0, 0.0, 0.0, 0.0, 0.0, 0.0, 0.0],
"regularImprovements":[0.0, 28478.604678301017, 316.42973248790804, 391.4688896169537, 352.35208736352797, 302.839409514243, 104.35534630018083, 252.97515508744254, 289.5748641308819, 45.26313639937871, 59.97468309794931, 15.666949128404667, 5.346683212643256, 2.7446756469871616, 116.72799470644532, 4.804586781923717, 0.0, 4.632442600435752, 0.0, 3.791220872779377, 21.245627649630478],
"numWorkings":[0, 5, 5, 5, 4, 5, 5, 5, 5, 5, 5, 5, 5, 5, 5, 5, 5, 5, 5, 5, 5],
"totalWorkingTimes":[0, 270783, 244493, 294174, 226220, 298377, 219154, 282497, 274471, 274871, 251151, 284202, 286122, 290366, 287052, 292430, 293095, 278169, 296251, 293290, 294480]}