	{"problemName":"rc110_1.txt",
"populationK":20,
"lsRunTime":70000,
"addFirstNeighborhoods":true,
"numHelperNeighborhoods":0,
"numRounds":20,
"numMappers":100,
"roundLengths":[0, 89570, 101051, 77591, 90729, 84800, 79660, 80973, 106781, 106202, 85024, 79997, 84672, 88682, 103712, 82069, 99240, 86840, 119461, 88548, 82563],
"bestSolCosts":[69307.14149856253, 49878.56213291708, 49276.69004097444, 48781.09541222971, 48564.27143234776, 48464.39862987186, 48398.00712282083, 48344.19586141127, 48209.7824688897, 48179.30891928622, 48109.38004178075, 48021.94910067582, 47966.5315338781, 47948.396165707105, 47935.1565158256, 47925.97963775953, 47871.49339254625, 47824.454905112674, 47725.77025140692, 47660.21814632244, 47611.77776132244],
"helperTimes":[0, 0, 24, 42, 23, 204, 29, 47, 89, 83, 29, 123, 23, 61, 154, 89, 33, 90, 17, 25, 27],
"regularTimes":[0, 62205, 53699, 54651, 52018, 52651, 53594, 55295, 55029, 49725, 55363, 43808, 54909, 45011, 54036, 46281, 55021, 55062, 51446, 62126, 57725],
"helperSuccessfuls":[0, 0, 0, 0, 0, 0, 0, 0, 0, 0, 0, 0, 1, 1, 0, 1, 0, 0, 0, 0, 0],
"helperTrieds":[0, 0, 1, 1, 1, 1, 1, 1, 1, 1, 1, 1, 1, 1, 1, 1, 1, 1, 1, 1, 1],
"regularSuccessfuls":[0, 1338, 117, 84, 24, 21, 24, 6, 10, 18, 28, 10, 26, 5, 3, 3, 9, 8, 24, 22, 27],
"regularTrieds":[0, 8371, 4644, 5084, 7811, 9260, 6218, 7841, 9752, 7636, 9287, 4507, 8741, 3984, 6775, 5756, 8422, 5602, 4389, 5416, 6691],
"helperImprovements":[0.0, 0.0, 0.0, 0.0, 0.0, 0.0, 0.0, 0.0, 0.0, 0.0, 0.0, 0.0, 1.33999008587125, 1.4479090993991122, 0.0, 3.5216359081605333, 0.0, 0.0, 0.0, 0.0, 0.0],
"regularImprovements":[0.0, 20914.38498892795, 601.8720919426414, 495.59462874472956, 216.82397988194862, 99.87280247590388, 120.26957655740262, 53.811261409566214, 134.41339252156467, 30.47354960348457, 81.80320732795371, 87.43094110493257, 54.07757671184663, 16.687459071596095, 13.23964988150692, 5.655242157910834, 54.4862452132802, 47.0384874335723, 98.68465370575723, 65.55210508447635, 48.4403850000017],
"numWorkings":[0, 100, 100, 99, 97, 100, 98, 97, 100, 98, 98, 100, 96, 100, 99, 97, 100, 100, 100, 100, 100],
"totalWorkingTimes":[0, 6256182, 5511207, 5358595, 5144064, 5341190, 4011321, 5356871, 5603993, 5044999, 5423196, 4832715, 5350398, 4784573, 5451403, 4618880, 5568707, 5618407, 5093682, 5940617, 5827281]}