¹{"problemName":"rc110_1.txt",
"populationK":5,
"lsRunTime":70000,
"addFirstNeighborhoods":true,
"numHelperNeighborhoods":0,
"numRounds":20,
"numMappers":5,
"roundLengths":[0, 106474, 76029, 88069, 75568, 80694, 79204, 82753, 79099, 79667, 79265, 78846, 81214, 80106, 78206, 79470, 78557, 75841, 78584, 77871, 78611],
"bestSolCosts":[70752.24153590933, 51409.89169329774, 50988.67487275968, 50858.89823199141, 50718.67291396745, 50218.10743758619, 49867.12583268575, 49838.009210472715, 49764.7058223068, 49710.9736060711, 49704.99464655482, 49680.33728956315, 49552.06056226981, 49467.230948533375, 49448.21050483811, 49429.782911702714, 49230.97593938689, 49205.78130319076, 49042.31756886077, 48972.14452587052, 48922.447431970555],
"helperTimes":[0, 0, 25, 30, 24, 55, 19, 30, 14, 26, 47, 45, 37, 28, 52, 31, 125, 27, 43, 23, 37],
"regularTimes":[0, 57670, 50698, 58950, 35596, 54466, 51086, 58461, 53742, 58277, 52162, 56561, 59879, 57181, 56001, 57588, 53195, 54658, 60632, 50017, 61275],
"helperSuccessfuls":[0, 0, 0, 1, 0, 0, 0, 0, 0, 0, 0, 0, 0, 0, 0, 0, 0, 0, 0, 0, 0],
"helperTrieds":[0, 0, 1, 1, 1, 1, 1, 1, 1, 1, 1, 1, 1, 1, 1, 1, 1, 1, 1, 1, 1],
"regularSuccessfuls":[0, 1103, 76, 38, 49, 87, 66, 10, 19, 17, 6, 1, 21, 30, 9, 2, 75, 15, 32, 22, 31],
"regularTrieds":[0, 7037, 1950, 1269, 2257, 2931, 4281, 5329, 5695, 6106, 5725, 4590, 6649, 6764, 7386, 7027, 10221, 9353, 10959, 10825, 11398],
"helperImprovements":[0.0, 0.0, 0.0, 10.508843518662616, 0.0, 0.0, 0.0, 0.0, 0.0, 0.0, 0.0, 0.0, 0.0, 0.0, 0.0, 0.0, 0.0, 0.0, 0.0, 0.0, 0.0],
"regularImprovements":[0.0, 19342.34984261159, 421.2168205380585, 119.26779724960943, 140.2253180239568, 500.5654763812563, 350.9816049004439, 29.116622213034134, 73.30338816591393, 53.732216235701344, 5.978959516280156, 24.657356991672714, 128.27672729333426, 84.82961373643775, 19.020443695262657, 18.427593135398638, 289.65875436997885, 25.194636196130887, 163.4637343299837, 70.17304299025272, 49.697093899965694],
"numWorkings":[0, 5, 5, 5, 3, 5, 5, 5, 5, 5, 5, 5, 5, 5, 5, 5, 5, 5, 5, 5, 5],
"totalWorkingTimes":[0, 287938, 253855, 275290, 165414, 271380, 256154, 284929, 269166, 289329, 262652, 290607, 301819, 287014, 285497, 288282, 269974, 272568, 303146, 250927, 308015]}