©{"problemName":"rc110_1.txt",
"populationK":5,
"lsRunTime":70000,
"addFirstNeighborhoods":true,
"numHelperNeighborhoods":0,
"numRounds":20,
"numMappers":5,
"roundLengths":[0, 83406, 86116, 88067, 74831, 91605, 87681, 86769, 73710, 84631, 81223, 79279, 79836, 75033, 81260, 77580, 82455, 77942, 77770, 77534, 79542],
"bestSolCosts":[72994.23657098926, 51846.888318681, 51147.229340035265, 50980.22980822732, 50672.40031991933, 49985.03084252828, 49828.912425162176, 49598.07928195198, 49574.56935439037, 49548.37827753705, 49539.952906247054, 49458.57690952647, 49454.25556720453, 49450.95864385898, 49351.95499167647, 49267.91653898716, 49236.46767459425, 49200.61857675938, 49143.818943489816, 49112.943668393964, 49093.48358895275],
"helperTimes":[0, 0, 20, 32, 49, 33, 34, 36, 25, 20, 42, 82, 48, 30, 30, 26, 31, 30, 22, 41, 21],
"regularTimes":[0, 49431, 50885, 57507, 54474, 57442, 52057, 56700, 53668, 61022, 56826, 54056, 55869, 56404, 57006, 49732, 53893, 49818, 59457, 59546, 56317],
"helperSuccessfuls":[0, 0, 0, 0, 0, 0, 0, 0, 0, 0, 0, 0, 0, 0, 0, 0, 0, 0, 0, 0, 0],
"helperTrieds":[0, 0, 1, 1, 1, 1, 1, 1, 1, 1, 1, 1, 1, 1, 1, 1, 1, 1, 1, 1, 1],
"regularSuccessfuls":[0, 1188, 138, 59, 57, 120, 68, 32, 13, 11, 4, 9, 4, 5, 34, 23, 7, 11, 20, 17, 13],
"regularTrieds":[0, 6768, 2310, 2123, 4324, 2552, 4774, 7997, 4087, 7905, 6675, 4553, 7843, 9631, 9044, 6122, 8882, 8588, 11881, 11610, 10974],
"helperImprovements":[0.0, 0.0, 0.0, 0.0, 0.0, 0.0, 0.0, 0.0, 0.0, 0.0, 0.0, 0.0, 0.0, 0.0, 0.0, 0.0, 0.0, 0.0, 0.0, 0.0, 0.0],
"regularImprovements":[0.0, 21147.348252308264, 848.2038912802091, 166.99953180794546, 307.82948830798705, 687.3694773910538, 156.11841736610222, 230.8331432101986, 23.509927561608492, 26.191076853319828, 8.425371289995383, 81.37599672058423, 4.321342321942211, 3.296923345544201, 107.89030293394171, 84.03845268931036, 31.448864392914402, 35.84909783487092, 56.79963326956204, 30.875275095851975, 19.460079441210837],
"numWorkings":[0, 5, 5, 4, 5, 5, 5, 5, 5, 5, 5, 5, 5, 5, 5, 5, 5, 5, 5, 5, 5],
"totalWorkingTimes":[0, 247956, 258767, 242052, 270997, 293146, 233376, 281583, 270129, 305713, 278366, 264214, 284911, 282071, 284261, 246230, 272964, 248539, 296421, 298350, 294767]}