w{"problemName":"rc110_1.txt",
"populationK":5,
"lsRunTime":70000,
"addFirstNeighborhoods":true,
"numHelperNeighborhoods":0,
"numRounds":20,
"numMappers":5,
"roundLengths":[0, 91418, 77047, 77032, 77365, 82933, 77725, 78849, 79611, 81445, 80558, 78062, 79833, 80109, 75664, 80855, 79303, 77621, 78599, 79500, 77605],
"bestSolCosts":[70872.99731222678, 51155.43198411227, 50979.72847486703, 50186.4430112451, 49922.06562281119, 49677.80995314226, 49677.80995314226, 49611.93632158077, 49541.730725559115, 49347.638101211734, 49305.763966031955, 49278.132280456426, 49278.132280456426, 49115.3060947714, 49109.68162414059, 49022.28687068866, 48966.98268203917, 48946.30276362156, 48930.36336160587, 48920.51464409753, 48920.32828802689],
"helperTimes":[0, 0, 55, 23, 23, 24, 2, 22, 80, 26, 78, 18, 2, 39, 31, 27, 59, 21, 20, 37, 45],
"regularTimes":[0, 56403, 52799, 57257, 43072, 57142, 0, 55273, 53052, 57482, 58143, 57920, 0, 52801, 55196, 56618, 59527, 58427, 51197, 61869, 56425],
"helperSuccessfuls":[0, 0, 0, 0, 0, 0, 0, 0, 0, 0, 0, 0, 0, 0, 0, 0, 0, 0, 0, 0, 0],
"helperTrieds":[0, 0, 1, 1, 1, 1, 1, 1, 1, 1, 1, 1, 1, 1, 1, 1, 1, 1, 1, 1, 1],
"regularSuccessfuls":[0, 1218, 38, 188, 63, 45, 0, 25, 25, 38, 9, 4, 0, 16, 2, 17, 5, 6, 4, 4, 1],
"regularTrieds":[0, 9601, 3864, 1895, 3969, 5940, 0, 4811, 4574, 4930, 8873, 7334, 0, 8513, 7173, 6474, 12619, 5717, 8716, 13170, 12240],
"helperImprovements":[0.0, 0.0, 0.0, 0.0, 0.0, 0.0, 0.0, 0.0, 0.0, 0.0, 0.0, 0.0, 0.0, 0.0, 0.0, 0.0, 0.0, 0.0, 0.0, 0.0, 0.0],
"regularImprovements":[0.0, 22231.179739274223, 175.70350924524246, 1183.1902631008197, 264.3773884339098, 244.25566966892802, 0.0, 65.87363156149513, 70.20559602165304, 194.09262434738048, 41.87413517977984, 27.631685575528536, 0.0, 162.8261856850295, 5.624470630806172, 87.39475345193205, 55.30418864949024, 20.679918417605222, 15.939402015690575, 9.848717508342816, 0.18635607064061332],
"numWorkings":[0, 5, 5, 4, 5, 5, 4, 5, 5, 5, 5, 5, 4, 5, 5, 5, 5, 5, 5, 5, 5],
"totalWorkingTimes":[0, 273167, 255149, 228913, 215399, 282233, 228960, 277546, 271487, 285535, 288879, 279256, 231024, 263578, 262623, 286278, 284646, 290800, 275902, 302026, 294230]}