§{"problemName":"rc110_1.txt",
"populationK":10,
"lsRunTime":70000,
"addFirstNeighborhoods":true,
"numHelperNeighborhoods":0,
"numRounds":20,
"numMappers":10,
"roundLengths":[0, 106258, 74865, 88168, 84484, 83984, 79103, 75539, 81798, 76033, 79234, 73822, 81280, 79032, 76550, 81129, 80613, 76789, 79583, 77874, 77536],
"bestSolCosts":[72092.87552688009, 51023.9927495849, 50794.96079809811, 50496.57035440755, 50269.1951094822, 50269.1951094822, 49876.842500565916, 49844.33069148038, 49620.430461900796, 49451.660223753366, 49306.54033292158, 49255.53712423207, 49091.67434524694, 49083.31312279095, 48983.21992791812, 48982.11486687418, 48967.90211333014, 48944.87797654326, 48899.74737210494, 48865.019633056894, 48836.104709075305],
"helperTimes":[0, 0, 15, 27, 29, 1, 154, 23, 26, 25, 76, 38, 24, 30, 40, 31, 25, 26, 63, 22, 13],
"regularTimes":[0, 54937, 50137, 50183, 58931, 0, 56905, 55306, 53739, 55345, 55930, 55012, 59819, 36702, 59725, 59193, 58933, 57734, 57553, 60019, 61201],
"helperSuccessfuls":[0, 0, 0, 0, 0, 0, 0, 0, 0, 0, 0, 0, 0, 0, 0, 0, 0, 0, 0, 0, 0],
"helperTrieds":[0, 0, 1, 1, 1, 1, 1, 1, 1, 1, 1, 1, 1, 1, 1, 1, 1, 1, 1, 1, 1],
"regularSuccessfuls":[0, 1446, 67, 68, 45, 0, 75, 64, 39, 33, 69, 37, 31, 3, 12, 1, 7, 7, 13, 12, 11],
"regularTrieds":[0, 9589, 5089, 4821, 9654, 0, 4699, 3334, 3148, 6225, 6934, 5001, 5774, 4724, 7167, 5692, 8351, 8651, 10038, 10181, 12698],
"helperImprovements":[0.0, 0.0, 0.0, 0.0, 0.0, 0.0, 0.0, 0.0, 0.0, 0.0, 0.0, 0.0, 0.0, 0.0, 0.0, 0.0, 0.0, 0.0, 0.0, 0.0, 0.0],
"regularImprovements":[0.0, 30233.418283027815, 229.03195148678788, 351.3898243862059, 227.37524492535158, 0.0, 392.3526089162842, 295.1891755005854, 257.07614382828615, 168.77023814743006, 389.19273797880305, 139.08777513321547, 163.86277898513072, 8.361222455991083, 100.09319487282482, 1.1050610439415323, 14.212753544037696, 23.024136786880263, 45.130604438323644, 34.727739048044896, 28.9149239815888],
"numWorkings":[0, 10, 10, 10, 10, 9, 10, 9, 10, 10, 10, 9, 10, 10, 9, 10, 10, 10, 10, 10, 10],
"totalWorkingTimes":[0, 536294, 497167, 546044, 587378, 523086, 561150, 504876, 570093, 495341, 579322, 502928, 535799, 364904, 518302, 537605, 565874, 525304, 578685, 571384, 597456]}