…{"problemName":"rc110_1.txt",
"populationK":10,
"lsRunTime":70000,
"addFirstNeighborhoods":true,
"numHelperNeighborhoods":0,
"numRounds":20,
"numMappers":10,
"roundLengths":[0, 84416, 83993, 81032, 79598, 83791, 81714, 84283, 83163, 80623, 80009, 84546, 72084, 78782, 80675, 79003, 81613, 78898, 82590, 78770, 78662],
"bestSolCosts":[75184.81479416905, 50492.01160837416, 49900.3482819194, 49732.268156978105, 49292.88550894062, 49257.055813939754, 49080.98315792361, 48958.56015984278, 48843.29779903221, 48765.21890298672, 48717.22099078614, 48688.16041649962, 48657.059166407795, 48646.97537105134, 48573.68773229324, 48560.79444987578, 48560.79444987578, 48560.79444987578, 48511.63340828201, 48511.63340828201, 48507.79920628676],
"helperTimes":[0, 0, 21, 17, 25, 29, 52, 26, 26, 18, 48, 58, 97, 19, 46, 28, 1, 27, 28, 22, 20],
"regularTimes":[0, 53004, 48926, 50471, 57422, 48086, 50384, 67885, 58904, 58294, 52999, 57353, 53689, 47659, 57280, 54052, 0, 50532, 59364, 53193, 59823],
"helperSuccessfuls":[0, 0, 0, 0, 0, 0, 0, 0, 0, 0, 0, 0, 0, 0, 0, 0, 0, 0, 0, 0, 0],
"helperTrieds":[0, 0, 1, 1, 1, 1, 1, 1, 1, 1, 1, 1, 1, 1, 1, 1, 1, 1, 1, 1, 1],
"regularSuccessfuls":[0, 1438, 113, 41, 95, 15, 27, 42, 26, 30, 22, 5, 8, 2, 24, 4, 0, 0, 18, 0, 2],
"regularTrieds":[0, 7835, 4478, 2755, 6048, 4792, 7325, 9201, 6479, 7749, 6988, 9975, 12798, 4008, 8782, 7957, 0, 9190, 11271, 14148, 16274],
"helperImprovements":[0.0, 0.0, 0.0, 0.0, 0.0, 0.0, 0.0, 0.0, 0.0, 0.0, 0.0, 0.0, 0.0, 0.0, 0.0, 0.0, 0.0, 0.0, 0.0, 0.0, 0.0],
"regularImprovements":[0.0, 24692.803185794895, 591.6633264547563, 168.08012494129798, 439.3826480374846, 35.829695000866195, 176.072656016142, 122.42299808083044, 115.26236081057141, 78.07889604548836, 47.997912200582505, 29.06057428652275, 31.101250091822294, 10.083795356455084, 73.28763875809818, 12.893282417462615, 0.0, 0.0, 49.16104159376846, 0.0, 3.8342019952469855],
"numWorkings":[0, 10, 10, 10, 10, 10, 10, 10, 10, 10, 10, 10, 9, 7, 10, 10, 9, 10, 10, 10, 10],
"totalWorkingTimes":[0, 576577, 455450, 540359, 548920, 528846, 497259, 605112, 546404, 579964, 561282, 569630, 488353, 435208, 562459, 519919, 515224, 506732, 585191, 539244, 578914]}