g{"problemName":"rc110_1.txt",
"populationK":10,
"lsRunTime":70000,
"addFirstNeighborhoods":true,
"numHelperNeighborhoods":0,
"numRounds":20,
"numMappers":10,
"roundLengths":[0, 82359, 79979, 79026, 111783, 77898, 76083, 92671, 80077, 77784, 81767, 103369, 78104, 76661, 76807, 81610, 79368, 93687, 75421, 73739, 78518],
"bestSolCosts":[79477.81301096421, 51822.07746065111, 51325.67974903336, 51059.75944281411, 50876.505341230906, 50679.37307012148, 50620.432433647635, 50581.15391057486, 50486.147758020525, 50356.27747150598, 50177.98607285878, 49916.82102542631, 49916.82102542631, 49858.123047578876, 49858.123047578876, 49857.315664122834, 49857.315664122834, 49797.94218126085, 49797.94218126085, 49738.81089371901, 49686.46720809759],
"helperTimes":[0, 0, 464, 20, 26, 19, 28, 27, 17, 25, 34, 36, 3, 24, 3, 25, 25, 19, 1, 29, 17],
"regularTimes":[0, 42212, 54488, 25053, 58107, 50022, 46416, 59958, 53080, 52167, 56687, 52534, 0, 59290, 0, 49885, 54146, 56812, 0, 56741, 64242],
"helperSuccessfuls":[0, 0, 0, 0, 0, 0, 0, 0, 0, 0, 0, 0, 0, 0, 0, 0, 0, 0, 0, 0, 0],
"helperTrieds":[0, 0, 1, 1, 1, 1, 1, 1, 1, 1, 1, 1, 1, 1, 1, 1, 1, 1, 1, 1, 1],
"regularSuccessfuls":[0, 1292, 92, 22, 81, 26, 55, 16, 54, 42, 33, 50, 0, 11, 0, 2, 0, 5, 0, 5, 12],
"regularTrieds":[0, 6906, 2419, 1583, 4159, 4461, 3528, 7053, 8043, 8899, 9024, 12057, 0, 8998, 0, 7678, 7797, 10157, 0, 12757, 15974],
"helperImprovements":[0.0, 0.0, 0.0, 0.0, 0.0, 0.0, 0.0, 0.0, 0.0, 0.0, 0.0, 0.0, 0.0, 0.0, 0.0, 0.0, 0.0, 0.0, 0.0, 0.0, 0.0],
"regularImprovements":[0.0, 27890.25318813708, 496.3977116177484, 265.9203062192537, 443.2002829479243, 198.71457020979142, 190.3214587116745, 39.27852307277499, 239.96750411545509, 129.87028651454602, 178.29139864719764, 261.1650474324706, 0.0, 58.69797784743423, 0.0, 0.8073834560418618, 0.0, 59.373482861985394, 0.0, 59.13128754183708, 52.34368562142481],
"numWorkings":[0, 10, 10, 1, 9, 10, 9, 10, 10, 10, 10, 10, 9, 9, 9, 10, 10, 10, 9, 9, 10],
"totalWorkingTimes":[0, 506364, 517644, 305655, 523826, 535799, 458399, 620057, 554426, 529606, 456705, 551246, 522014, 532366, 517202, 494231, 545237, 563284, 496577, 513243, 597247]}