Ÿ{"problemName":"rc110_1.txt",
"populationK":10,
"lsRunTime":70000,
"addFirstNeighborhoods":true,
"numHelperNeighborhoods":0,
"numRounds":20,
"numMappers":10,
"roundLengths":[0, 91503, 92080, 81142, 85681, 67455, 84802, 74149, 82127, 82693, 77234, 78851, 78277, 81034, 76242, 81438, 78615, 78787, 77669, 79787, 79544],
"bestSolCosts":[72815.71953558741, 50478.17606281997, 50090.535473697266, 49690.09408085166, 49690.09408085166, 49599.91190092149, 49384.17286915132, 49313.50878567671, 49260.99954604435, 49196.16490256245, 49185.98215542127, 49010.789969838814, 48983.54445649748, 48965.465097525586, 48947.568585251945, 48932.998922297396, 48931.202723058355, 48889.972574343155, 48851.55847011722, 48796.38493369998, 48781.14790125361],
"helperTimes":[0, 0, 21, 27, 5, 23, 28, 28, 26, 30, 30, 67, 43, 24, 33, 22, 42, 25, 21, 14, 19],
"regularTimes":[0, 55470, 52487, 57269, 0, 43714, 59776, 53202, 58421, 56902, 51864, 49309, 58969, 36359, 54174, 56152, 53524, 50851, 57589, 57712, 60885],
"helperSuccessfuls":[0, 0, 0, 0, 0, 0, 0, 0, 0, 0, 0, 0, 0, 0, 0, 0, 0, 0, 0, 0, 0],
"helperTrieds":[0, 0, 1, 1, 1, 1, 1, 1, 1, 1, 1, 1, 1, 1, 1, 1, 1, 1, 1, 1, 1],
"regularSuccessfuls":[0, 1131, 78, 81, 0, 25, 64, 12, 12, 12, 8, 44, 6, 9, 4, 2, 2, 26, 13, 26, 7],
"regularTrieds":[0, 6512, 3335, 3579, 0, 3658, 5455, 4428, 8072, 8680, 7081, 6295, 9107, 5898, 7322, 8213, 7808, 6456, 12681, 14967, 18158],
"helperImprovements":[0.0, 0.0, 0.0, 0.0, 0.0, 0.0, 0.0, 0.0, 0.0, 0.0, 0.0, 0.0, 0.0, 0.0, 0.0, 0.0, 0.0, 0.0, 0.0, 0.0, 0.0],
"regularImprovements":[0.0, 22337.543472767444, 387.6405891227041, 400.44139284560515, 0.0, 90.18217993016879, 215.739031770172, 70.66408347460674, 52.50923963235982, 64.83464348190319, 10.182747141181608, 175.19218558245484, 27.24551334133139, 18.079358971896, 17.896512273640838, 14.56966295454913, 1.796199239041016, 174.0303026875772, 38.41410422593617, 55.17353641724185, 15.237032446369994],
"numWorkings":[0, 10, 10, 10, 9, 10, 10, 8, 10, 10, 10, 10, 10, 10, 10, 10, 10, 10, 10, 10, 10],
"totalWorkingTimes":[0, 601409, 515879, 588432, 496459, 437596, 603096, 435827, 589902, 546324, 536604, 547855, 550659, 456218, 497336, 552663, 537333, 523893, 541077, 572353, 589763]}