Â{"problemName":"rc110_1.txt",
"populationK":20,
"lsRunTime":70000,
"addFirstNeighborhoods":true,
"numHelperNeighborhoods":0,
"numRounds":20,
"numMappers":20,
"roundLengths":[0, 89360, 81884, 78054, 84849, 80425, 78678, 83264, 89133, 73786, 73857, 74100, 76247, 74054, 79672, 72849, 81703, 73841, 76480, 74970, 75784],
"bestSolCosts":[70968.54686226585, 50855.61605712674, 50703.54677203846, 50470.602847809954, 50291.543998400535, 50080.91435418156, 49911.39324749939, 49691.317730576586, 49653.17358118072, 49596.659186794124, 49560.04663054405, 49390.93219581326, 49268.78324761803, 49268.78324761803, 49253.45527274034, 49171.60760481709, 49164.837365104264, 49119.254550099475, 49006.3712571336, 49003.31080034751, 48894.280865488654],
"helperTimes":[0, 0, 18, 30, 36, 23, 22, 40, 86, 18, 49, 34, 141, 1, 21, 36, 25, 40, 26, 23, 125],
"regularTimes":[0, 62412, 14125, 56389, 34113, 53855, 57851, 57265, 58310, 51781, 58067, 48661, 57902, 0, 54157, 51252, 55844, 55148, 59586, 58686, 57259],
"helperSuccessfuls":[0, 0, 0, 0, 0, 0, 0, 0, 0, 0, 0, 0, 0, 0, 0, 0, 0, 0, 0, 0, 0],
"helperTrieds":[0, 0, 1, 1, 1, 1, 1, 1, 1, 1, 1, 1, 1, 1, 1, 1, 1, 1, 1, 1, 1],
"regularSuccessfuls":[0, 1432, 25, 41, 63, 55, 57, 39, 15, 23, 12, 36, 34, 0, 10, 24, 2, 11, 15, 2, 46],
"regularTrieds":[0, 8138, 646, 2702, 2296, 4085, 4559, 5349, 9092, 6061, 7701, 4150, 5814, 0, 5406, 8383, 7911, 12389, 7892, 12697, 10449],
"helperImprovements":[0.0, 0.0, 0.0, 0.0, 0.0, 0.0, 0.0, 0.0, 0.0, 0.0, 0.0, 0.0, 0.0, 0.0, 0.0, 0.0, 0.0, 0.0, 0.0, 0.0, 0.0],
"regularImprovements":[0.0, 31564.203509271174, 152.06928508827696, 232.94392422850797, 304.27069731859956, 210.62964421897777, 169.52110668216483, 220.07551692280686, 38.14414939586277, 102.81019275444123, 36.612556250074704, 186.93107003719342, 122.14894819523033, 0.0, 15.327974877684028, 129.80204405957193, 13.402644655267068, 60.06147688749479, 112.88329296587472, 3.0604567860864336, 215.27196930037462],
"numWorkings":[0, 20, 0, 18, 16, 20, 19, 20, 19, 19, 19, 19, 18, 19, 20, 19, 19, 19, 19, 19, 17],
"totalWorkingTimes":[0, 1012108, 147872, 787307, 949619, 1045691, 1007235, 1098505, 1068769, 988440, 1053017, 1073783, 1000569, 1082388, 1128283, 1005189, 1088634, 1028809, 1002732, 1045630, 973642]}