;{"problemName":"rc110_1.txt",
"populationK":20,
"lsRunTime":70000,
"addFirstNeighborhoods":true,
"numHelperNeighborhoods":0,
"numRounds":20,
"numMappers":20,
"roundLengths":[0, 83463, 88902, 78137, 80807, 82493, 78651, 77645, 72896, 117586, 74183, 71838, 77197, 87085, 78248, 73398, 77606, 73785, 76591, 76858, 75535],
"bestSolCosts":[70865.45663442196, 50650.154414760524, 49690.766929800266, 49321.37131446454, 49320.704654262554, 49194.16872487681, 49137.45558676392, 49137.45558676392, 49137.45558676392, 48992.99245944915, 48950.77427938362, 48950.77427938362, 48908.811227138256, 48873.172256738304, 48795.68748255087, 48703.31659589248, 48703.31659589248, 48703.31659589248, 48690.68160851104, 48680.41412858012, 48680.41412858012],
"helperTimes":[0, 0, 19, 43, 1, 25, 22, 3, 26, 36, 28, 2, 44, 34, 28, 47, 3, 2, 63, 56, 3],
"regularTimes":[0, 54788, 59475, 56746, 0, 36367, 54781, 0, 53068, 58716, 52244, 0, 57950, 42615, 46110, 52137, 0, 0, 54489, 53717, 0],
"helperSuccessfuls":[0, 0, 0, 0, 1, 0, 0, 0, 0, 0, 0, 0, 0, 0, 0, 0, 0, 0, 0, 0, 0],
"helperTrieds":[0, 0, 1, 1, 1, 1, 1, 1, 1, 1, 1, 1, 1, 1, 1, 1, 1, 1, 1, 1, 1],
"regularSuccessfuls":[0, 1355, 162, 80, 0, 45, 9, 0, 0, 38, 13, 0, 22, 13, 12, 12, 0, 0, 4, 9, 0],
"regularTrieds":[0, 7882, 1112, 3223, 0, 6397, 8469, 0, 10078, 4823, 6577, 0, 8831, 5796, 6914, 6657, 0, 0, 10353, 12329, 0],
"helperImprovements":[0.0, 0.0, 0.0, 0.0, 0.6666602019831771, 0.0, 0.0, 0.0, 0.0, 0.0, 0.0, 0.0, 0.0, 0.0, 0.0, 0.0, 0.0, 0.0, 0.0, 0.0, 0.0],
"regularImprovements":[0.0, 23242.96273690719, 959.387484960258, 369.3956153357285, 0.0, 126.5359293857473, 56.713138112885645, 0.0, 0.0, 173.39454039580596, 42.21818006553076, 0.0, 41.96305224536627, 35.638970399952086, 77.48477418743278, 92.3708866583911, 0.0, 0.0, 12.634987381439714, 10.267479930917034, 0.0],
"numWorkings":[0, 20, 20, 20, 19, 2, 20, 16, 19, 19, 19, 19, 19, 20, 20, 19, 18, 18, 20, 19, 17],
"totalWorkingTimes":[0, 1140502, 1170226, 1077956, 952191, 669204, 988725, 909532, 1005372, 1123698, 1035409, 993569, 1056568, 847006, 936832, 1000472, 994206, 952699, 1072819, 1047157, 923205]}