ª{"problemName":"rc110_1.txt",
"populationK":20,
"lsRunTime":70000,
"addFirstNeighborhoods":true,
"numHelperNeighborhoods":0,
"numRounds":20,
"numMappers":20,
"roundLengths":[0, 102473, 80837, 79170, 82470, 82914, 79155, 83704, 75925, 79805, 74678, 81780, 78802, 77068, 87262, 77678, 83362, 75595, 81499, 79610, 77449],
"bestSolCosts":[67926.94975522606, 50714.55185901319, 50433.19931273555, 50076.55883924433, 49626.385023762865, 49359.313613158534, 49238.58769710977, 49063.44193396187, 49055.22034419387, 49014.80345792346, 49014.80345792346, 48928.33379294692, 48894.70176901611, 48795.24098635433, 48621.01717116775, 48577.53604512465, 48493.19194612618, 48484.580909155105, 48484.580909155105, 48472.71420976805, 48469.012570163024],
"helperTimes":[0, 0, 23, 25, 22, 23, 21, 32, 26, 29, 13, 22, 26, 63, 48, 47, 15, 20, 17, 25, 17],
"regularTimes":[0, 51555, 60305, 35571, 55494, 59366, 56208, 58040, 49576, 59511, 0, 54992, 58600, 56652, 52039, 51752, 60849, 52866, 58032, 58279, 61403],
"helperSuccessfuls":[0, 0, 0, 0, 0, 0, 0, 0, 0, 0, 0, 0, 0, 0, 0, 0, 0, 0, 0, 0, 0],
"helperTrieds":[0, 0, 1, 1, 1, 1, 1, 1, 1, 1, 1, 1, 1, 1, 1, 1, 1, 1, 1, 1, 1],
"regularSuccessfuls":[0, 1479, 102, 100, 118, 55, 29, 46, 21, 7, 0, 28, 18, 23, 47, 8, 21, 3, 0, 4, 5],
"regularTrieds":[0, 9461, 4158, 3523, 7203, 6950, 6911, 9104, 5710, 9663, 0, 8350, 8835, 7920, 7912, 7108, 6943, 11551, 17411, 13193, 17710],
"helperImprovements":[0.0, 0.0, 0.0, 0.0, 0.0, 0.0, 0.0, 0.0, 0.0, 0.0, 0.0, 0.0, 0.0, 0.0, 0.0, 0.0, 0.0, 0.0, 0.0, 0.0, 0.0],
"regularImprovements":[0.0, 27306.145838539807, 491.1283448195827, 575.6154243006094, 688.8905290843031, 267.0714106043306, 120.72591604876652, 175.14576314789883, 8.22158976799983, 40.41688627041003, 0.0, 86.4696649765392, 33.632023930811556, 99.46078266177938, 174.22381518658221, 43.481126043094264, 84.34409899847378, 8.61103697107319, 0.0, 11.866699387057452, 3.7016396050239564],
"numWorkings":[0, 20, 20, 14, 19, 20, 20, 20, 18, 20, 18, 20, 20, 18, 20, 20, 20, 20, 20, 20, 20],
"totalWorkingTimes":[0, 1111784, 1189094, 669460, 1075336, 1128464, 1084911, 1072319, 962455, 1098498, 901000, 1123095, 1132223, 1054968, 969445, 1048303, 1114470, 1098719, 1192755, 1098457, 1141957]}