	'{"problemName":"rc110_1.txt",
"populationK":40,
"lsRunTime":70000,
"addFirstNeighborhoods":true,
"numHelperNeighborhoods":0,
"numRounds":20,
"numMappers":100,
"roundLengths":[0, 89038, 90779, 87771, 83783, 83916, 78783, 81508, 76959, 79703, 75837, 80713, 75612, 78966, 83714, 101079, 84607, 100730, 87250, 107903, 82516],
"bestSolCosts":[69379.33634069808, 50579.859766672365, 49879.396313015495, 49281.25913569855, 48987.80270934383, 48810.97944441871, 48738.25238560153, 48600.73301668125, 48475.40863042369, 48388.28524795714, 48323.072939287704, 48307.31680884655, 48277.26120837945, 48215.56488392565, 48147.294389765, 48132.89250730999, 48086.223057788615, 48062.916552682575, 48053.29843374418, 48039.348530717754, 47989.93860365163],
"helperTimes":[0, 0, 14, 23, 28, 60, 24, 115, 133, 25, 67, 32, 129, 135, 152, 34, 27, 28, 28, 126, 27],
"regularTimes":[0, 63742, 53145, 52143, 55425, 52095, 57270, 52251, 52911, 51768, 54176, 40462, 55417, 48612, 46273, 50478, 42027, 54892, 51928, 41691, 58959],
"helperSuccessfuls":[0, 0, 0, 0, 0, 0, 0, 0, 0, 0, 0, 0, 0, 1, 1, 1, 1, 0, 0, 1, 0],
"helperTrieds":[0, 0, 1, 1, 1, 1, 1, 1, 1, 1, 1, 1, 1, 1, 1, 1, 1, 1, 1, 1, 1],
"regularSuccessfuls":[0, 1335, 133, 101, 67, 30, 21, 50, 24, 16, 15, 3, 4, 13, 9, 6, 8, 8, 1, 13, 8],
"regularTrieds":[0, 7397, 1263, 3210, 3646, 4339, 6287, 4273, 6461, 4969, 7654, 5760, 7172, 4901, 3819, 5329, 998, 5477, 3831, 2383, 10138],
"helperImprovements":[0.0, 0.0, 0.0, 0.0, 0.0, 0.0, 0.0, 0.0, 0.0, 0.0, 0.0, 0.0, 0.0, 1.5809905766218435, 1.0648896933707874, 2.6376086230302462, 0.06114676575816702, 0.0, 0.0, 0.09365714096929878, 0.0],
"regularImprovements":[0.0, 27467.912809007976, 700.4634536568701, 598.1371773169449, 293.45642635472177, 176.8232649251222, 72.72705881717411, 137.5193689202788, 125.32438625756186, 87.12338246655418, 65.2123086694337, 15.756130441150162, 30.055600467101613, 60.11533387718373, 67.20560446727904, 11.764273831977334, 46.60830275561602, 23.306505106040277, 9.618118938393309, 13.85624588545761, 49.40992706612451],
"numWorkings":[0, 100, 100, 99, 100, 99, 32, 98, 98, 99, 93, 100, 97, 100, 99, 100, 98, 99, 97, 93, 93],
"totalWorkingTimes":[0, 6268025, 5403042, 5301508, 5559315, 5421978, 1859319, 5227287, 5323133, 5223660, 5025998, 4433471, 5159172, 5055587, 4899993, 5301285, 4247519, 5245730, 5172664, 4147692, 5322147]}