¹{"problemName":"rc110_1.txt",
"populationK":50,
"lsRunTime":70000,
"addFirstNeighborhoods":true,
"numHelperNeighborhoods":0,
"numRounds":20,
"numMappers":50,
"roundLengths":[0, 90706, 96909, 73149, 106201, 76708, 79672, 79704, 79326, 78518, 81115, 73824, 80106, 82557, 88992, 80306, 86712, 74634, 79372, 77607, 78416],
"bestSolCosts":[69664.63624570784, 49806.391203797146, 49493.492058840966, 49408.580126465116, 49026.23351479591, 48657.485565798255, 48597.488313598835, 48436.2978551381, 48379.65297926674, 48379.65297926674, 48379.54952739953, 48370.79183477526, 48342.42429075694, 48290.351508344094, 48288.27637265826, 48258.768964147734, 48204.70081406821, 48202.07647452776, 48191.055745610756, 48191.055745610756, 48178.375296879916],
"helperTimes":[0, 0, 19, 31, 53, 27, 50, 34, 24, 26, 34, 26, 62, 35, 25, 39, 22, 32, 17, 18, 19],
"regularTimes":[0, 58440, 57408, 46510, 55410, 53320, 48375, 53751, 58808, 56140, 53722, 37461, 56887, 60000, 58194, 58593, 58625, 57808, 60001, 57954, 59277],
"helperSuccessfuls":[0, 0, 0, 0, 0, 0, 0, 0, 0, 0, 0, 0, 0, 0, 0, 0, 0, 0, 0, 0, 0],
"helperTrieds":[0, 0, 1, 1, 1, 1, 1, 1, 1, 1, 1, 1, 1, 1, 1, 1, 1, 1, 1, 1, 1],
"regularSuccessfuls":[0, 1462, 81, 17, 53, 54, 10, 21, 16, 0, 1, 1, 5, 12, 3, 8, 11, 1, 4, 0, 2],
"regularTrieds":[0, 8214, 4844, 5404, 4176, 6028, 5617, 5133, 9539, 10832, 7070, 5973, 6835, 9169, 10525, 10327, 8064, 11286, 13025, 15736, 16903],
"helperImprovements":[0.0, 0.0, 0.0, 0.0, 0.0, 0.0, 0.0, 0.0, 0.0, 0.0, 0.0, 0.0, 0.0, 0.0, 0.0, 0.0, 0.0, 0.0, 0.0, 0.0, 0.0],
"regularImprovements":[0.0, 27592.392169872357, 312.89914495617995, 84.91193237584957, 382.34661166920705, 368.747948997654, 59.99725219942047, 161.19045846073277, 56.644875871359545, 0.0, 0.1034518672095146, 8.757692624276388, 28.36754401831422, 52.07278241284803, 2.075135685830901, 29.507408510529785, 54.06815007952537, 2.624339540445362, 11.020728917006636, 0.0, 12.680448730839998],
"numWorkings":[0, 50, 49, 49, 47, 49, 50, 50, 48, 47, 48, 48, 50, 49, 50, 48, 50, 48, 48, 48, 48],
"totalWorkingTimes":[0, 2998066, 2679723, 2188584, 2471118, 2346934, 2415088, 2490061, 2654111, 2375142, 2586062, 1932593, 2493028, 2658979, 2726812, 2695776, 2855885, 2685729, 2635549, 2650745, 2863885]}