Æ{"problemName":"rc110_1.txt",
"populationK":50,
"lsRunTime":70000,
"addFirstNeighborhoods":true,
"numHelperNeighborhoods":0,
"numRounds":20,
"numMappers":50,
"roundLengths":[0, 98931, 73701, 93197, 79294, 84131, 80110, 81598, 76029, 78818, 82209, 77840, 78247, 80019, 83329, 80352, 81620, 78604, 74481, 79609, 77732],
"bestSolCosts":[69590.87392679298, 50381.62471335693, 50153.48047621701, 50000.973747018594, 49903.7094356715, 49589.54264538639, 49290.0152673873, 49001.9450149846, 48996.14152090929, 48803.63019196251, 48750.2084702882, 48726.6410287153, 48675.17585692874, 48633.128807261164, 48632.78090246553, 48584.543005723375, 48520.35522478286, 48488.31786424575, 48460.36131048498, 48380.13374050984, 48309.09160110667],
"helperTimes":[0, 0, 14, 30, 22, 28, 43, 68, 29, 49, 23, 27, 67, 50, 57, 64, 16, 17, 24, 17, 30],
"regularTimes":[0, 62467, 40046, 56157, 46052, 57090, 50546, 55153, 53674, 56269, 61365, 55517, 56877, 53147, 59365, 59031, 58550, 58442, 61053, 60774, 58204],
"helperSuccessfuls":[0, 0, 0, 0, 0, 0, 0, 0, 0, 0, 0, 0, 0, 0, 0, 0, 0, 0, 0, 0, 0],
"helperTrieds":[0, 0, 1, 1, 1, 1, 1, 1, 1, 1, 1, 1, 1, 1, 1, 1, 1, 1, 1, 1, 1],
"regularSuccessfuls":[0, 1443, 57, 42, 55, 56, 37, 47, 2, 19, 26, 14, 12, 5, 2, 6, 7, 5, 13, 23, 19],
"regularTrieds":[0, 8518, 2195, 5639, 3583, 4876, 4225, 4194, 6764, 5816, 4433, 6706, 4836, 5466, 7107, 5939, 7338, 7515, 10266, 8158, 11073],
"helperImprovements":[0.0, 0.0, 0.0, 0.0, 0.0, 0.0, 0.0, 0.0, 0.0, 0.0, 0.0, 0.0, 0.0, 0.0, 0.0, 0.0, 0.0, 0.0, 0.0, 0.0, 0.0],
"regularImprovements":[0.0, 25674.202734880353, 228.1442371399171, 152.506729198416, 327.8282631352631, 314.16679028511135, 299.52737799908937, 288.07025240270013, 5.8034940753132105, 192.5113289467772, 53.42172167431272, 23.56744157290086, 51.46517178655631, 42.047049667577085, 0.3479047956352588, 48.23789674215368, 64.18778094051231, 32.03736053711327, 27.956553760770475, 80.2275699751408, 71.04213940316549],
"numWorkings":[0, 50, 14, 49, 50, 50, 48, 47, 49, 50, 50, 50, 47, 46, 50, 50, 48, 50, 46, 49, 48],
"totalWorkingTimes":[0, 2697251, 1717599, 2765889, 2297943, 2641502, 2458913, 2518397, 2605627, 2672981, 2809813, 2302837, 2543085, 2478977, 2696729, 2689923, 2587268, 2604762, 2536602, 2887569, 2804177]}