‘{"problemName":"rc110_1.txt",
"populationK":50,
"lsRunTime":70000,
"addFirstNeighborhoods":true,
"numHelperNeighborhoods":0,
"numRounds":20,
"numMappers":50,
"roundLengths":[0, 84041, 90620, 104221, 105047, 121447, 98746, 84346, 80817, 81404, 74173, 84169, 81881, 94831, 87623, 78598, 77646, 77003, 77541, 75477, 75431],
"bestSolCosts":[68944.64187282846, 50327.081443760675, 50017.91851686006, 49635.5231568898, 49633.723772208665, 49383.25447528725, 49292.5108362794, 48943.0633554941, 48808.73543113159, 48730.550420371066, 48689.32848876827, 48689.32848876827, 48668.70309525709, 48668.70309525709, 48576.987552176244, 48525.31800023194, 48502.571325279656, 48471.55995651087, 48441.83475149436, 48423.185447214026, 48423.185447214026],
"helperTimes":[0, 0, 25, 28, 63, 26, 83, 33, 25, 21, 24, 2, 23, 2, 41, 61, 22, 18, 31, 22, 0],
"regularTimes":[0, 56610, 57500, 56212, 48342, 37794, 53485, 50801, 59509, 57986, 54542, 0, 53221, 0, 54728, 56997, 58867, 60298, 56678, 57216, 0],
"helperSuccessfuls":[0, 0, 0, 0, 0, 0, 0, 0, 0, 0, 0, 0, 0, 0, 0, 0, 0, 0, 0, 0, 0],
"helperTrieds":[0, 0, 1, 1, 1, 1, 1, 1, 1, 1, 1, 1, 1, 1, 1, 1, 1, 1, 1, 1, 1],
"regularSuccessfuls":[0, 1367, 65, 67, 2, 49, 57, 35, 29, 29, 18, 0, 11, 0, 27, 17, 7, 6, 20, 15, 0],
"regularTrieds":[0, 7086, 2855, 6340, 6472, 5865, 5014, 3784, 7114, 6152, 6643, 0, 7856, 0, 7401, 10057, 14482, 16068, 16809, 16875, 0],
"helperImprovements":[0.0, 0.0, 0.0, 0.0, 0.0, 0.0, 0.0, 0.0, 0.0, 0.0, 0.0, 0.0, 0.0, 0.0, 0.0, 0.0, 0.0, 0.0, 0.0, 0.0, 0.0],
"regularImprovements":[0.0, 23667.46767047183, 309.1629269006153, 382.39535997025814, 1.7993846811368712, 250.46929692141566, 400.38399792323617, 349.44748078529665, 134.32792436251475, 78.18501076052053, 41.22193160279858, 0.0, 73.95264675753424, 0.0, 91.71554308084887, 51.66955194430193, 22.746674952286412, 31.01136876878445, 29.72520501651161, 18.649304280334036, 0.0],
"numWorkings":[0, 50, 50, 47, 47, 3, 50, 50, 48, 50, 50, 46, 46, 47, 43, 49, 47, 49, 48, 46, 47],
"totalWorkingTimes":[0, 2813163, 2824077, 2441054, 2397998, 1564614, 2768798, 2379044, 2764408, 2589279, 2395918, 2551244, 2493538, 2669181, 2216921, 2348314, 2434697, 2776139, 2702296, 2661624, 2522681]}