Â{"problemName":"rc110_1.txt",
"populationK":50,
"lsRunTime":70000,
"addFirstNeighborhoods":true,
"numHelperNeighborhoods":0,
"numRounds":20,
"numMappers":50,
"roundLengths":[0, 108459, 79973, 88781, 108889, 81736, 86104, 174928, 69560, 92493, 91274, 80102, 81243, 78351, 78615, 85122, 81184, 71466, 79495, 79428, 80446],
"bestSolCosts":[70924.90532104012, 50449.985807726596, 49949.898847807926, 49843.88612432853, 49528.33960465339, 49413.06222111773, 49378.78145884054, 49378.78145884054, 49377.1099005025, 49361.39804582571, 49318.79108948578, 49214.01079329497, 49176.985393806775, 49048.932304380105, 49026.435036075025, 48987.99769765871, 48956.215947877914, 48941.13415613777, 48923.50325912871, 48903.81903756904, 48868.77544200082],
"helperTimes":[0, 0, 21, 24, 29, 25, 22, 3, 73, 53, 48, 30, 17, 30, 19, 24, 32, 111, 32, 19, 15],
"regularTimes":[0, 54542, 54447, 43762, 54374, 46331, 57503, 0, 39383, 51497, 52505, 51865, 57405, 54110, 55904, 54118, 56856, 57122, 60932, 58144, 60439],
"helperSuccessfuls":[0, 0, 0, 0, 0, 0, 0, 0, 0, 0, 0, 0, 0, 0, 0, 0, 0, 0, 0, 0, 0],
"helperTrieds":[0, 0, 1, 1, 1, 1, 1, 1, 1, 1, 1, 1, 1, 1, 1, 1, 1, 1, 1, 1, 1],
"regularSuccessfuls":[0, 1204, 109, 48, 120, 22, 6, 0, 2, 25, 12, 24, 2, 20, 16, 25, 10, 15, 5, 10, 17],
"regularTrieds":[0, 7337, 4665, 4881, 6023, 6873, 8479, 0, 7713, 6069, 5805, 5213, 9216, 10074, 8948, 9078, 14193, 14462, 16170, 17781, 17973],
"helperImprovements":[0.0, 0.0, 0.0, 0.0, 0.0, 0.0, 0.0, 0.0, 0.0, 0.0, 0.0, 0.0, 0.0, 0.0, 0.0, 0.0, 0.0, 0.0, 0.0, 0.0, 0.0],
"regularImprovements":[0.0, 20474.91951331352, 500.0869599186699, 106.01272347939812, 921.5423980880296, 115.27738353565655, 34.2807622771943, 0.0, 1.6715583380355383, 70.79431130782177, 88.56426268534415, 104.78029619080917, 37.025399488193216, 217.9687145569551, 22.49726830508007, 71.01302225763357, 31.781749780799146, 15.081791740143672, 17.6308970090613, 67.34277699051017, 35.043595568218734],
"numWorkings":[0, 49, 50, 43, 49, 48, 46, 48, 47, 45, 50, 48, 50, 50, 50, 50, 48, 47, 50, 48, 45],
"totalWorkingTimes":[0, 2629819, 2566372, 2100174, 2728376, 1970582, 2548256, 2805086, 1846004, 2317116, 2634822, 2517626, 2691802, 2724016, 2770148, 2758460, 2521255, 2608704, 2898599, 2788907, 2652169]}