À{"problemName":"rc110_1.txt",
"populationK":100,
"lsRunTime":70000,
"addFirstNeighborhoods":true,
"numHelperNeighborhoods":0,
"numRounds":20,
"numMappers":100,
"roundLengths":[0, 106247, 75968, 84511, 85944, 91743, 109464, 89032, 81746, 86218, 78844, 89267, 82895, 79485, 85325, 80231, 105756, 88794, 84460, 83487, 99481],
"bestSolCosts":[69278.21804783212, 50108.75741689738, 49740.25853407423, 49635.75365711088, 49235.13687505432, 48883.84324704079, 48801.45401519037, 48748.40624129238, 48710.04892933704, 48709.67056584959, 48695.11386384879, 48678.91148144594, 48607.736398327215, 48530.04580250061, 48354.491145157794, 48297.76257525245, 48287.335992110944, 48285.66776508857, 48285.66776508857, 48281.524194233105, 48277.50439283308],
"helperTimes":[0, 0, 21, 21, 27, 27, 30, 30, 62, 66, 43, 20, 40, 27, 22, 59, 94, 15, 19, 29, 23],
"regularTimes":[0, 58986, 23185, 50584, 56711, 52525, 58020, 55850, 57022, 58202, 57259, 39546, 57146, 52259, 48500, 57566, 91110, 59449, 70165, 67504, 60962],
"helperSuccessfuls":[0, 0, 0, 0, 0, 0, 0, 0, 0, 0, 0, 0, 0, 0, 0, 0, 0, 0, 0, 0, 0],
"helperTrieds":[0, 0, 1, 1, 1, 1, 1, 1, 1, 1, 1, 1, 1, 1, 1, 1, 1, 1, 1, 1, 1],
"regularSuccessfuls":[0, 1216, 33, 29, 99, 79, 39, 11, 11, 1, 6, 7, 23, 7, 27, 7, 6, 1, 0, 1, 3],
"regularTrieds":[0, 6858, 205, 224, 3065, 4518, 6991, 6847, 8112, 6011, 7615, 1473, 1836, 6212, 6154, 5770, 3351, 8915, 5470, 9421, 9624],
"helperImprovements":[0.0, 0.0, 0.0, 0.0, 0.0, 0.0, 0.0, 0.0, 0.0, 0.0, 0.0, 0.0, 0.0, 0.0, 0.0, 0.0, 0.0, 0.0, 0.0, 0.0, 0.0],
"regularImprovements":[0.0, 24308.10878533499, 368.4988828231508, 104.5048769633504, 400.6167820565606, 351.29362801352545, 82.38923185042222, 53.04777389798983, 38.357311955340265, 0.37836348744895076, 14.556702000802034, 77.62528595283948, 71.1750831187237, 100.77251229347166, 207.82559676757955, 56.728569905346376, 10.426583141503215, 1.668227022375504, 0.0, 4.143570855463622, 4.019801400027063],
"numWorkings":[0, 98, 5, 97, 91, 99, 100, 100, 94, 93, 88, 100, 93, 98, 97, 99, 94, 97, 96, 98, 100],
"totalWorkingTimes":[0, 5297304, 2931961, 4395103, 4724925, 5617058, 5192066, 5345989, 5236516, 4762335, 4471456, 4384617, 5127425, 5159285, 4682060, 5449008, 4866126, 5149697, 5557685, 5446969, 5925179]}