Î{"problemName":"rc110_1.txt",
"populationK":100,
"lsRunTime":70000,
"addFirstNeighborhoods":true,
"numHelperNeighborhoods":0,
"numRounds":20,
"numMappers":100,
"roundLengths":[0, 127160, 95181, 83999, 90429, 91767, 75988, 91461, 89632, 86623, 81281, 84077, 89271, 99665, 88439, 80779, 83327, 79655, 76492, 78569, 79436],
"bestSolCosts":[68900.79973319358, 50689.59855587854, 49893.02447826594, 49637.75894132849, 49491.86743265968, 49356.85765849464, 49115.32142471583, 48996.62531748188, 48975.76767905368, 48966.3251714662, 48853.470778279705, 48735.338624811506, 48727.351396173915, 48665.46072497551, 48636.678769233644, 48636.678769233644, 48614.89906914004, 48591.396470139334, 48541.00666492992, 48455.475173312865, 48417.95896851008],
"helperTimes":[0, 0, 19, 60, 27, 18, 27, 19, 32, 30, 25, 28, 23, 20, 54, 27, 24, 18, 19, 14, 28],
"regularTimes":[0, 59815, 56978, 57696, 57893, 54527, 45775, 58102, 56395, 55814, 58026, 57439, 58340, 58417, 56987, 56718, 50276, 53615, 53773, 60131, 60660],
"helperSuccessfuls":[0, 0, 0, 0, 0, 0, 0, 0, 0, 0, 0, 0, 0, 0, 0, 0, 0, 0, 0, 0, 0],
"helperTrieds":[0, 0, 1, 1, 1, 1, 1, 1, 1, 1, 1, 1, 1, 1, 1, 1, 1, 1, 1, 1, 1],
"regularSuccessfuls":[0, 1149, 135, 48, 45, 29, 36, 33, 14, 3, 16, 19, 5, 20, 12, 0, 6, 54, 23, 26, 8],
"regularTrieds":[0, 6907, 3544, 4482, 6010, 7746, 6196, 8368, 8474, 5637, 9003, 5568, 5688, 6944, 8052, 9874, 9784, 7377, 12793, 12941, 15175],
"helperImprovements":[0.0, 0.0, 0.0, 0.0, 0.0, 0.0, 0.0, 0.0, 0.0, 0.0, 0.0, 0.0, 0.0, 0.0, 0.0, 0.0, 0.0, 0.0, 0.0, 0.0, 0.0],
"regularImprovements":[0.0, 23286.47015553814, 796.5740776125967, 255.26553693745518, 145.89150866880664, 135.00977416503883, 241.53623377881013, 118.69610723395454, 20.857638428198698, 9.442507587482396, 112.8543931864915, 118.13215346819925, 7.987228637590306, 61.89067119840183, 28.78195574186975, 0.0, 21.779700093604333, 346.1192406582195, 73.89240421012073, 85.53149161705369, 37.51620480278507],
"numWorkings":[0, 100, 100, 98, 94, 99, 99, 92, 99, 98, 94, 98, 100, 100, 100, 95, 99, 94, 92, 100, 96],
"totalWorkingTimes":[0, 5901102, 4907462, 5338876, 4939771, 4803646, 3997873, 5111643, 5387051, 5278833, 4841523, 5270975, 5584116, 5613326, 5261287, 4383402, 5128822, 5128922, 4965525, 5493954, 5131705]}