…{"problemName":"rc110_1.txt",
"populationK":1,
"lsRunTime":70000,
"addFirstNeighborhoods":true,
"numHelperNeighborhoods":300,
"numRounds":20,
"numMappers":1,
"roundLengths":[0, 83068, 79535, 82573, 79533, 76548, 80769, 78611, 80854, 78906, 80353, 79219, 82204, 79713, 79769, 92655, 80653, 85653, 78694, 81095, 79867],
"bestSolCosts":[87430.32766094615, 52365.82909586499, 52198.34098522446, 51676.82404783555, 51354.47729203683, 50880.488819689774, 50773.0655041062, 50606.70935549808, 50474.916501881446, 50330.59018337938, 50309.76772661035, 50300.271494306646, 50215.22211100082, 50210.85897241918, 50175.26221105057, 50172.17048157863, 50136.73877945102, 50034.79411683147, 50013.9454050283, 49997.011990390434, 49944.81074407027],
"helperTimes":[0, 0, 0, 0, 0, 0, 0, 0, 0, 0, 0, 0, 0, 1, 0, 0, 0, 0, 0, 0, 0],
"regularTimes":[0, 64903, 60312, 61354, 59643, 55305, 56152, 58200, 56874, 56223, 54582, 56401, 59825, 55836, 58523, 73044, 59008, 65969, 58508, 57307, 58498],
"helperSuccessfuls":[0, 0, 0, 0, 0, 0, 0, 0, 0, 0, 0, 0, 0, 0, 0, 0, 0, 0, 0, 0, 0],
"helperTrieds":[0, 0, 0, 0, 0, 0, 0, 0, 0, 0, 0, 0, 0, 0, 0, 0, 0, 0, 0, 0, 0],
"regularSuccessfuls":[0, 1560, 31, 100, 56, 92, 43, 41, 36, 17, 9, 6, 20, 8, 5, 1, 13, 25, 13, 7, 15],
"regularTrieds":[0, 9151, 1256, 4622, 6199, 5055, 7097, 5723, 6101, 9240, 9174, 10414, 9850, 11684, 11547, 12186, 13065, 10686, 10037, 12549, 9577],
"helperImprovements":[0.0, 0.0, 0.0, 0.0, 0.0, 0.0, 0.0, 0.0, 0.0, 0.0, 0.0, 0.0, 0.0, 0.0, 0.0, 0.0, 0.0, 0.0, 0.0, 0.0, 0.0],
"regularImprovements":[0.0, 35064.49856508116, 167.48811064053007, 521.5169373889075, 322.3467557987242, 473.9884723470532, 107.42331558357546, 166.3561486081162, 131.79285361663642, 144.32631850206235, 20.822456769034034, 9.496232303703437, 85.04938330582809, 4.363138581640669, 35.596761368607986, 3.091729471940198, 35.43170212760742, 101.94466261954949, 20.848711803169863, 16.933414637867827, 52.20124632016086],
"numWorkings":[0, 1, 1, 1, 1, 1, 1, 1, 1, 1, 1, 1, 1, 1, 1, 1, 1, 1, 1, 1, 1],
"totalWorkingTimes":[0, 64903, 60312, 61354, 59643, 55305, 56152, 58200, 56874, 56223, 54582, 56401, 59825, 55837, 58523, 73044, 59008, 65969, 58508, 57307, 58498]}