|{"problemName":"rc110_1.txt",
"populationK":1,
"lsRunTime":70000,
"addFirstNeighborhoods":true,
"numHelperNeighborhoods":300,
"numRounds":20,
"numMappers":1,
"roundLengths":[0, 84474, 79508, 81613, 79306, 77910, 78730, 79662, 79697, 79897, 78355, 81016, 79407, 82202, 79279, 85636, 81658, 82464, 79884, 79059, 79371],
"bestSolCosts":[89627.52315588387, 52420.13895379793, 50945.15322673225, 49969.481411559675, 49894.8585801584, 49860.60370261445, 49800.433063392324, 49686.288814352636, 49675.20296775483, 49674.24839621024, 49674.24839621024, 49636.578733540984, 49612.13756839633, 49536.98350857589, 49521.932278446366, 49520.046856032284, 49503.77391730702, 49503.63039338879, 49486.705606605195, 49472.85514140009, 49424.72009761243],
"helperTimes":[0, 0, 0, 0, 0, 0, 0, 0, 0, 0, 0, 0, 0, 0, 0, 0, 0, 0, 0, 0, 0],
"regularTimes":[0, 65682, 59926, 60310, 58056, 59436, 55520, 59440, 56316, 58266, 38454, 57629, 58809, 58350, 58438, 58197, 50168, 61113, 54969, 60376, 57280],
"helperSuccessfuls":[0, 0, 0, 0, 0, 0, 0, 0, 0, 0, 0, 0, 0, 0, 0, 0, 0, 0, 0, 0, 0],
"helperTrieds":[0, 0, 0, 0, 0, 0, 0, 0, 0, 0, 0, 0, 0, 0, 0, 0, 0, 0, 0, 0, 0],
"regularSuccessfuls":[0, 1601, 167, 165, 28, 17, 20, 20, 4, 1, 0, 10, 5, 17, 3, 3, 11, 1, 3, 3, 7],
"regularTrieds":[0, 7869, 944, 8861, 9600, 11846, 8276, 10012, 9945, 9352, 5652, 8620, 10671, 11726, 11333, 11942, 10375, 11506, 10799, 11411, 12196],
"helperImprovements":[0.0, 0.0, 0.0, 0.0, 0.0, 0.0, 0.0, 0.0, 0.0, 0.0, 0.0, 0.0, 0.0, 0.0, 0.0, 0.0, 0.0, 0.0, 0.0, 0.0, 0.0],
"regularImprovements":[0.0, 37207.384202085945, 1474.9857270656794, 975.6718151725727, 74.62283140127693, 34.25487754394999, 60.17063922212401, 114.14424903968757, 11.085846597808995, 0.9545715445856331, 0.0, 37.66966266925738, 24.441165144657134, 75.1540598204374, 15.051230129523901, 1.885422414081404, 16.272938725262065, 0.1435239182319492, 16.924786783594755, 13.850465205105138, 48.135043787660834],
"numWorkings":[0, 1, 1, 1, 1, 1, 1, 1, 1, 1, 1, 1, 1, 1, 1, 1, 1, 1, 1, 1, 1],
"totalWorkingTimes":[0, 65682, 59926, 60310, 58056, 59436, 55520, 59440, 56316, 58266, 38454, 57629, 58809, 58350, 58438, 58197, 50168, 61113, 54969, 60376, 57280]}