q{"problemName":"rc110_1.txt",
"populationK":1,
"lsRunTime":70000,
"addFirstNeighborhoods":true,
"numHelperNeighborhoods":300,
"numRounds":20,
"numMappers":1,
"roundLengths":[0, 84390, 80610, 81493, 78308, 80500, 78048, 76756, 81691, 79546, 80710, 80028, 79402, 79714, 80774, 79620, 80856, 82042, 79095, 82067, 76321],
"bestSolCosts":[80011.897214539, 51274.172196805586, 50770.12324991999, 50308.00560264036, 49961.66283088908, 49776.45766375762, 49714.58521420708, 49595.58345779728, 49545.32597183407, 49445.10965847801, 49439.47812286068, 49416.889186241446, 49335.93816610536, 49274.164865913284, 49273.00879820439, 49272.549256817256, 49264.47908186765, 49264.47908186765, 49256.756077004706, 49231.07082322887, 49230.112752886795],
"helperTimes":[0, 0, 0, 0, 0, 0, 0, 0, 0, 0, 0, 0, 0, 0, 0, 1, 0, 0, 0, 0, 0],
"regularTimes":[0, 66283, 60292, 61112, 59805, 59143, 57678, 58807, 58438, 53989, 57854, 46423, 55206, 58787, 58556, 59976, 59055, 60978, 59315, 57868, 57480],
"helperSuccessfuls":[0, 0, 0, 0, 0, 0, 0, 0, 0, 0, 0, 0, 0, 0, 0, 0, 0, 0, 0, 0, 0],
"helperTrieds":[0, 0, 0, 0, 0, 0, 0, 0, 0, 0, 0, 0, 0, 0, 0, 0, 0, 0, 0, 0, 0],
"regularSuccessfuls":[0, 1426, 86, 78, 67, 49, 21, 26, 8, 20, 6, 11, 26, 20, 1, 1, 3, 0, 3, 12, 5],
"regularTrieds":[0, 9253, 1573, 8095, 6717, 10251, 7391, 9685, 14833, 8976, 9546, 8406, 7128, 9976, 7903, 10454, 9616, 8559, 8309, 9763, 8547],
"helperImprovements":[0.0, 0.0, 0.0, 0.0, 0.0, 0.0, 0.0, 0.0, 0.0, 0.0, 0.0, 0.0, 0.0, 0.0, 0.0, 0.0, 0.0, 0.0, 0.0, 0.0, 0.0],
"regularImprovements":[0.0, 28737.725017733414, 504.0489468855958, 462.1176472796287, 346.34277175128227, 185.20516713146208, 61.87244955053757, 119.0017564098016, 50.25748596320773, 100.21631335606071, 5.631535617329064, 22.588936619235028, 80.95102013608266, 61.77330019207875, 1.156067708892806, 0.4595413871356868, 8.070174949607463, 0.0, 7.7230048629426165, 25.685253775838646, 0.9580703420724603],
"numWorkings":[0, 1, 1, 1, 1, 1, 1, 1, 1, 1, 1, 1, 1, 1, 1, 1, 1, 1, 1, 1, 1],
"totalWorkingTimes":[0, 66283, 60292, 61112, 59805, 59143, 57678, 58807, 58438, 53989, 57854, 46423, 55206, 58787, 58556, 59977, 59055, 60978, 59315, 57868, 57480]}