…{"problemName":"rc110_1.txt",
"populationK":1,
"lsRunTime":70000,
"addFirstNeighborhoods":true,
"numHelperNeighborhoods":300,
"numRounds":20,
"numMappers":1,
"roundLengths":[0, 82709, 79698, 81634, 80804, 79493, 80107, 80743, 79666, 79565, 80828, 79930, 78346, 81751, 78730, 81636, 86665, 80497, 78839, 83099, 78339],
"bestSolCosts":[78819.86841955133, 52512.816959058015, 51314.706029616864, 50601.32665054989, 50362.136523867106, 50237.4961338912, 50116.204772644625, 50065.162805415806, 50024.61198468182, 49967.26336185184, 49871.79854748678, 49845.11403558677, 49821.815119020444, 49796.72938936343, 49786.50760149962, 49763.48619370369, 49761.733231650695, 49736.59337144441, 49666.11025477952, 49645.94198123068, 49641.71442145578],
"helperTimes":[0, 0, 0, 0, 0, 0, 0, 0, 0, 1, 0, 0, 0, 0, 0, 0, 0, 0, 0, 1, 0],
"regularTimes":[0, 65851, 61398, 61125, 58522, 55052, 57573, 56841, 58555, 58939, 45454, 56047, 55971, 59840, 58894, 59625, 67496, 62222, 58544, 60554, 56362],
"helperSuccessfuls":[0, 0, 0, 0, 0, 0, 0, 0, 0, 0, 0, 0, 0, 0, 0, 0, 0, 0, 0, 0, 0],
"helperTrieds":[0, 0, 0, 0, 0, 0, 0, 0, 0, 0, 0, 0, 0, 0, 0, 0, 0, 0, 0, 0, 0],
"regularSuccessfuls":[0, 1341, 168, 96, 59, 28, 52, 6, 19, 21, 17, 14, 9, 6, 10, 14, 3, 6, 17, 9, 1],
"regularTrieds":[0, 8764, 6093, 6231, 6074, 6451, 8221, 10177, 9873, 14363, 7359, 8809, 10358, 9433, 6311, 8687, 5472, 8260, 8087, 8968, 10216],
"helperImprovements":[0.0, 0.0, 0.0, 0.0, 0.0, 0.0, 0.0, 0.0, 0.0, 0.0, 0.0, 0.0, 0.0, 0.0, 0.0, 0.0, 0.0, 0.0, 0.0, 0.0, 0.0],
"regularImprovements":[0.0, 26307.05146049332, 1198.1109294411508, 713.3793790669733, 239.19012668278447, 124.64038997590251, 121.29136124657816, 51.041967228818976, 40.550820733988076, 57.34862282998074, 95.46481436505564, 26.684511900013604, 23.298916566323896, 25.08572965701751, 10.221787863803911, 23.021407795931736, 1.752962052996736, 25.13986020628363, 70.48311666488735, 20.16827354884299, 4.227559774903057],
"numWorkings":[0, 1, 1, 1, 1, 1, 1, 1, 1, 1, 1, 1, 1, 1, 1, 1, 1, 1, 1, 1, 1],
"totalWorkingTimes":[0, 65851, 61398, 61125, 58522, 55052, 57573, 56841, 58555, 58940, 45454, 56047, 55971, 59840, 58894, 59625, 67496, 62222, 58544, 60555, 56362]}