	G{"problemName":"rc110_1.txt",
"populationK":40,
"lsRunTime":70000,
"addFirstNeighborhoods":true,
"numHelperNeighborhoods":0,
"numRounds":20,
"numMappers":100,
"roundLengths":[0, 88256, 81840, 88650, 79687, 79606, 81574, 81683, 80667, 81511, 75868, 83999, 78563, 78837, 86894, 77589, 80750, 89635, 80138, 79504, 77728],
"bestSolCosts":[69633.0214374683, 49472.13847552263, 49080.632389351755, 48690.941660434066, 48527.10392898619, 48334.675686142546, 48214.89529574462, 48137.47396699036, 48000.40699131427, 47915.46570388449, 47866.642179242925, 47830.172774979124, 47815.84968605455, 47795.01880458028, 47779.68801871053, 47771.48236342235, 47710.93545238136, 47627.61451503651, 47597.316370464345, 47540.01672155356, 47491.320037137186],
"helperTimes":[0, 0, 57, 29, 42, 37, 74, 36, 87, 100, 204, 77, 32, 32, 134, 103, 119, 40, 107, 53, 151],
"regularTimes":[0, 62147, 53045, 56812, 58072, 53977, 56004, 54640, 55630, 55260, 54700, 55255, 50313, 56370, 45840, 55176, 40164, 50524, 49439, 56938, 51628],
"helperSuccessfuls":[0, 0, 0, 0, 0, 0, 0, 0, 1, 0, 1, 1, 0, 0, 1, 1, 0, 1, 0, 0, 1],
"helperTrieds":[0, 0, 1, 1, 1, 1, 1, 1, 1, 1, 1, 1, 1, 1, 1, 1, 1, 1, 1, 1, 1],
"regularSuccessfuls":[0, 1468, 89, 87, 52, 61, 27, 26, 15, 18, 13, 12, 8, 6, 13, 5, 4, 6, 11, 11, 17],
"regularTrieds":[0, 9083, 1986, 2661, 5097, 5867, 11042, 6470, 8057, 5316, 4555, 8726, 7342, 8229, 9156, 7880, 4261, 9506, 5723, 9048, 8018],
"helperImprovements":[0.0, 0.0, 0.0, 0.0, 0.0, 0.0, 0.0, 0.0, 1.8472183208723436, 0.0, 0.3112921151041519, 0.3660926455486333, 0.0, 0.0, 0.4175981411099201, 1.3879848039505305, 0.0, 2.7553852593773627, 0.0, 0.0, 3.766711560128897],
"regularImprovements":[0.0, 28443.46217771292, 391.5060861708771, 389.69072891768883, 284.8368215403534, 192.42824284364178, 119.78039039792202, 86.39355807793618, 135.21975735521846, 84.94128742977773, 48.51223252646014, 36.10331161825161, 14.323088924575131, 20.830881474270427, 14.913187728641788, 6.817670484226255, 60.54691104099038, 141.11246312646108, 30.298144572167075, 57.29964891078271, 44.92997285624733],
"numWorkings":[0, 100, 100, 92, 99, 97, 98, 99, 97, 100, 93, 100, 96, 96, 96, 96, 99, 99, 95, 100, 100],
"totalWorkingTimes":[0, 5946915, 5419939, 5298440, 5853202, 5356768, 5507361, 5491194, 5455547, 5538777, 5145188, 5576636, 4963005, 5447182, 4552712, 5251511, 4323178, 4950629, 4850624, 5120732, 5178508]}