ã{"problemName":"rc110_1.txt",
"populationK":1,
"lsRunTime":70000,
"addFirstNeighborhoods":true,
"numHelperNeighborhoods":300,
"numRounds":20,
"numMappers":2,
"roundLengths":[0, 82712, 80522, 80846, 80731, 81712, 78849, 79566, 81886, 78555, 78692, 79024, 79432, 79886, 79566, 80808, 80673, 80984, 79159, 82570, 76865],
"bestSolCosts":[74546.47495584653, 50185.3093961128, 49662.26673196126, 49397.18819102934, 49225.93859536555, 49165.15177194824, 49164.030881144885, 49161.12565137845, 49141.308220695515, 49115.0722178577, 49101.27151518867, 49081.48890139009, 49060.42291712258, 49060.42291712258, 49050.11111663441, 49020.30312882127, 49003.761600832935, 48987.407309128284, 48987.407309128284, 48987.407309128284, 48977.04259622488],
"helperTimes":[0, 0, 319, 366, 292, 95, 136, 53, 34, 0, 74, 159, 27, 17, 0, 0, 49, 25, 0, 0, 0],
"regularTimes":[0, 64422, 61016, 60495, 55376, 57285, 50886, 55739, 56631, 57572, 48678, 48004, 53729, 58628, 58640, 57804, 58739, 60567, 58940, 61700, 58644],
"helperSuccessfuls":[0, 0, 0, 2, 2, 2, 0, 0, 0, 0, 1, 0, 1, 0, 0, 0, 1, 0, 0, 0, 0],
"helperTrieds":[0, 0, 50, 50, 34, 8, 7, 1, 1, 0, 4, 12, 1, 1, 0, 0, 2, 1, 0, 0, 0],
"regularSuccessfuls":[0, 1450, 70, 20, 30, 9, 1, 3, 5, 5, 6, 7, 5, 0, 12, 1, 3, 4, 0, 0, 4],
"regularTrieds":[0, 8552, 6076, 14037, 9614, 11116, 10587, 11272, 10771, 11873, 10629, 10296, 13343, 15391, 10154, 11688, 10789, 12141, 12493, 14230, 12485],
"helperImprovements":[0.0, 0.0, 0.0, 27.809964523432427, 26.330513567692833, 4.835980345334974, 0.0, 0.0, 0.0, 0.0, 0.12724178945063613, 0.0, 3.9017592581367353, 0.0, 0.0, 0.0, 0.16548126575071365, 0.0, 0.0, 0.0, 0.0],
"regularImprovements":[0.0, 24361.165559733723, 523.0426641515442, 237.26857640848903, 144.91908209609392, 55.950843071972486, 1.120890803358634, 2.905229766438424, 19.817430682931445, 26.236002837817068, 13.673460879574122, 19.782613798583043, 17.164225009371876, 0.0, 10.311800488168956, 29.807987813139334, 16.37604672258749, 16.354291704650677, 0.0, 0.0, 10.364712903407053],
"numWorkings":[0, 2, 2, 2, 2, 2, 2, 2, 2, 2, 2, 2, 2, 2, 2, 2, 2, 2, 2, 2, 2],
"totalWorkingTimes":[0, 128736, 122534, 121675, 111911, 112430, 105874, 113948, 113298, 114822, 97646, 96222, 109187, 117260, 117412, 115565, 113522, 120875, 117924, 123389, 117788]}