ß{"problemName":"rc110_1.txt",
"populationK":1,
"lsRunTime":70000,
"addFirstNeighborhoods":true,
"numHelperNeighborhoods":300,
"numRounds":20,
"numMappers":2,
"roundLengths":[0, 81732, 78638, 80728, 80730, 79712, 79847, 78566, 78885, 80537, 80718, 80049, 79515, 80069, 88283, 82626, 76854, 78998, 79148, 79562, 79871],
"bestSolCosts":[73792.23528729082, 50584.63767112431, 50214.03667895961, 49860.35926698982, 49650.368910235426, 49513.536310517324, 49480.767576600774, 49447.48440864046, 49394.64887627479, 49375.54548738942, 49366.46521714101, 49366.37414705785, 49347.608322388056, 49325.03273176746, 49323.878461313194, 49316.186750157874, 49312.42473534388, 49305.17610878462, 49257.27870254871, 49144.871567542614, 49140.55769555257],
"helperTimes":[0, 0, 174, 292, 453, 531, 208, 147, 77, 34, 59, 64, 40, 0, 0, 27, 0, 0, 105, 331, 81],
"regularTimes":[0, 65275, 59848, 60485, 57634, 55934, 48763, 58177, 58089, 42034, 57771, 56296, 55962, 58461, 58169, 60518, 58622, 61657, 53868, 59063, 53090],
"helperSuccessfuls":[0, 0, 0, 0, 6, 0, 2, 0, 0, 0, 0, 2, 0, 0, 0, 0, 0, 0, 1, 0, 0],
"helperTrieds":[0, 0, 50, 29, 49, 32, 7, 8, 3, 3, 2, 3, 2, 0, 0, 1, 0, 0, 2, 9, 3],
"regularSuccessfuls":[0, 1393, 75, 74, 45, 51, 9, 14, 16, 10, 5, 0, 6, 9, 1, 3, 5, 4, 14, 40, 4],
"regularTrieds":[0, 7080, 8693, 10567, 9361, 9993, 9325, 11901, 12074, 11211, 15446, 12903, 13524, 11270, 13774, 12520, 12064, 12774, 9865, 10803, 9983],
"helperImprovements":[0.0, 0.0, 0.0, 0.0, 43.41836221975973, 0.0, 1.111055161774857, 0.0, 0.0, 0.0, 0.0, 0.09107008315913845, 0.0, 0.0, 0.0, 0.0, 0.0, 0.0, 4.981755930450163, 0.0, 0.0],
"regularImprovements":[0.0, 23207.597616166517, 370.60099216469825, 353.6774119697875, 166.57199453463545, 136.83259971810185, 31.65767875477468, 33.2831679603114, 52.83553236567241, 19.103388885370805, 9.080270248407032, 0.0, 18.76582466979744, 22.575590620595904, 1.154270454266225, 7.691711155319354, 3.7620148139976664, 7.248626559259719, 42.91565030545462, 112.40713500609854, 4.3138719900453],
"numWorkings":[0, 2, 2, 2, 2, 2, 2, 2, 2, 2, 2, 2, 2, 2, 2, 2, 2, 2, 2, 2, 2],
"totalWorkingTimes":[0, 130666, 119748, 121713, 116453, 112831, 98025, 111153, 116185, 99696, 115836, 103015, 111400, 116555, 133253, 121044, 117112, 123880, 108156, 119372, 107023]}