÷{"problemName":"rc110_1.txt",
"populationK":1,
"lsRunTime":70000,
"addFirstNeighborhoods":true,
"numHelperNeighborhoods":300,
"numRounds":20,
"numMappers":2,
"roundLengths":[0, 82761, 78619, 79302, 77763, 80910, 78045, 79762, 79693, 79568, 81683, 82041, 78544, 78593, 80734, 81560, 78913, 81486, 80670, 80563, 80873],
"bestSolCosts":[73140.18629245055, 50962.98073968501, 50393.970902938214, 50160.26936163706, 50002.71514137926, 49590.634573726245, 49498.701521552546, 49357.201751276814, 49021.83198573387, 48948.46541364303, 48939.19553180772, 48867.028157282344, 48767.36901048067, 48739.66878197971, 48737.37796174052, 48737.32102011267, 48641.96408162985, 48589.966644012464, 48587.38767366218, 48580.76252708417, 48580.76252708417],
"helperTimes":[0, 0, 243, 524, 576, 202, 273, 362, 203, 217, 189, 96, 337, 424, 332, 34, 0, 0, 33, 41, 49],
"regularTimes":[0, 65398, 60842, 60293, 53752, 58532, 52267, 56043, 58192, 41999, 53417, 48063, 56247, 57376, 60266, 59828, 58448, 61472, 59235, 60962, 55278],
"helperSuccessfuls":[0, 0, 0, 0, 0, 7, 0, 3, 0, 0, 0, 4, 4, 2, 3, 0, 0, 0, 0, 0, 0],
"helperTrieds":[0, 0, 50, 50, 47, 27, 31, 31, 14, 16, 18, 7, 22, 30, 9, 3, 0, 0, 2, 2, 1],
"regularSuccessfuls":[0, 1401, 108, 50, 55, 85, 28, 36, 46, 20, 3, 14, 31, 6, 0, 1, 18, 21, 3, 3, 0],
"regularTrieds":[0, 8179, 2970, 13184, 9264, 8985, 8607, 10203, 7209, 6644, 9216, 10260, 9847, 9233, 9371, 11163, 8244, 9089, 12761, 12533, 9156],
"helperImprovements":[0.0, 0.0, 0.0, 0.0, 0.0, 32.74317748568137, 0.0, 1.2111649997677887, 0.0, 0.0, 0.0, 6.223009043016646, 7.480604506214149, 1.3036139006580925, 2.2908202391845407, 0.0, 0.0, 0.0, 0.0, 0.0, 0.0],
"regularImprovements":[0.0, 22177.205552765547, 569.0098367467945, 233.70154130115407, 157.5542202577999, 379.33739016733307, 91.93305217369925, 140.28860527596407, 335.36976554294233, 73.36657209083933, 9.269881835309207, 65.94436548236263, 92.17854229546356, 26.39661460030038, 0.0, 0.05694162785221124, 95.35693848282244, 51.997437617385, 2.578970350281452, 6.625146578015119, 0.0],
"numWorkings":[0, 2, 2, 2, 2, 2, 2, 2, 2, 2, 2, 2, 2, 2, 2, 2, 2, 2, 2, 2, 2],
"totalWorkingTimes":[0, 131008, 122043, 121644, 111415, 117560, 106046, 112776, 115238, 84459, 107432, 95791, 112546, 115638, 121927, 119671, 116725, 123003, 118628, 122220, 110581]}