	3{"problemName":"rc110_1.txt",
"populationK":1,
"lsRunTime":70000,
"addFirstNeighborhoods":true,
"numHelperNeighborhoods":300,
"numRounds":20,
"numMappers":2,
"roundLengths":[0, 82424, 78593, 80685, 77785, 79803, 76045, 96271, 79527, 78592, 81344, 80049, 78528, 81764, 77571, 78596, 78869, 79577, 78565, 78757, 79672],
"bestSolCosts":[79630.46831264082, 50830.86171996597, 50348.71253661932, 50128.14990379019, 49852.30683844242, 49666.387528165615, 49466.4358784134, 49388.86285645354, 49296.74738957463, 49261.80410138334, 49138.23647003305, 49075.34527912387, 48970.72445040041, 48960.932653726144, 48950.47653708057, 48950.47653708057, 48946.65245082359, 48927.363851788294, 48798.86805693067, 48753.257438772016, 48726.110015576414],
"helperTimes":[0, 0, 200, 407, 766, 485, 683, 181, 294, 251, 36, 127, 356, 174, 65, 0, 0, 82, 149, 58, 124],
"regularTimes":[0, 64400, 55379, 59663, 55372, 57252, 50561, 77028, 57440, 58326, 57940, 58389, 55768, 58781, 53172, 60452, 51304, 60324, 50984, 58656, 55268],
"helperSuccessfuls":[0, 0, 0, 1, 6, 4, 0, 0, 10, 0, 1, 0, 4, 4, 0, 0, 0, 3, 3, 0, 0],
"helperTrieds":[0, 0, 50, 50, 37, 28, 45, 20, 19, 17, 2, 12, 9, 19, 4, 0, 0, 3, 6, 3, 7],
"regularSuccessfuls":[0, 1517, 105, 38, 43, 29, 40, 21, 22, 10, 30, 17, 20, 2, 7, 0, 4, 2, 18, 16, 10],
"regularTrieds":[0, 8418, 5287, 7964, 8154, 10985, 6264, 8040, 7334, 10299, 8973, 9235, 7238, 9176, 8806, 10760, 7592, 11233, 5703, 10208, 9143],
"helperImprovements":[0.0, 0.0, 0.0, 10.513217641018855, 7.651945234181767, 34.652920084423386, 0.0, 0.0, 17.639700234845805, 0.0, 1.7830892534257146, 0.0, 7.666353412641911, 7.652762710597017, 0.0, 0.0, 0.0, 0.7668511349183973, 13.269439796786173, 0.0, 0.0],
"regularImprovements":[0.0, 28799.60659267485, 482.1491833466498, 210.04941518811393, 268.1911201135881, 151.26639019238064, 199.9516497522127, 77.57302195986267, 74.4757666440637, 34.94328819128714, 121.78454209686606, 62.89119090918393, 96.954475310813, 2.139033963670954, 10.456116645575094, 0.0, 3.824086256980081, 18.521747900376795, 115.22635506084043, 45.61061815865105, 27.147423195601732],
"numWorkings":[0, 2, 2, 2, 2, 2, 2, 2, 2, 2, 2, 2, 2, 2, 2, 2, 2, 2, 2, 2, 2],
"totalWorkingTimes":[0, 128710, 110425, 116643, 112013, 116040, 102535, 135812, 115622, 117144, 115998, 116786, 113374, 117891, 106686, 120909, 102956, 120604, 102178, 116989, 113684]}