	ç{"problemName":"rc110_1.txt",
"populationK":1,
"lsRunTime":70000,
"addFirstNeighborhoods":true,
"numHelperNeighborhoods":300,
"numRounds":20,
"numMappers":5,
"roundLengths":[0, 108736, 77518, 81512, 78649, 78906, 77616, 94709, 77757, 79242, 82696, 83178, 79065, 82661, 75614, 80379, 79605, 80742, 80046, 80591, 79870],
"bestSolCosts":[73468.37799758355, 51125.74069293184, 50071.858847171134, 49660.378174342724, 49367.33914248095, 49305.905685416714, 49260.65941412815, 49131.86723038946, 49036.56482308979, 48858.02409848952, 48777.07467709617, 48730.70333180322, 48699.808572468944, 48685.87433900009, 48643.7966438632, 48616.37510042229, 48612.98362548488, 48608.120042637165, 48602.58660693935, 48576.314042257814, 48568.886564347544],
"helperTimes":[0, 0, 537, 636, 1149, 777, 520, 296, 710, 762, 680, 186, 418, 117, 126, 299, 312, 171, 50, 304, 132],
"regularTimes":[0, 60991, 59384, 60203, 57314, 59444, 52921, 58956, 58083, 46637, 57807, 53400, 58670, 57973, 53756, 58323, 58291, 56478, 54545, 55269, 57884],
"helperSuccessfuls":[0, 0, 0, 3, 13, 6, 0, 11, 2, 10, 0, 1, 1, 0, 4, 4, 4, 0, 2, 0, 2],
"helperTrieds":[0, 0, 150, 200, 198, 135, 91, 20, 108, 64, 92, 21, 41, 5, 5, 23, 27, 16, 2, 17, 6],
"regularSuccessfuls":[0, 1133, 173, 96, 27, 21, 5, 25, 15, 21, 11, 10, 3, 6, 2, 13, 0, 2, 5, 1, 4],
"regularTrieds":[0, 6156, 5685, 5595, 9137, 12812, 9492, 9132, 10257, 5864, 9786, 10519, 13420, 10486, 14552, 13008, 13044, 17509, 11969, 10175, 13055],
"helperImprovements":[0.0, 0.0, 0.0, 12.145853888701822, 124.62805911992473, 13.974902546331577, 0.0, 20.633702383333002, 14.829022788981092, 40.63419088370574, 0.0, 0.8643816404073732, 0.3482777709432412, 0.0, 7.729658266442129, 2.757256516139023, 3.3914749374089297, 0.0, 2.631037716535502, 0.0, 1.7082717918528942],
"regularImprovements":[0.0, 22342.63730465171, 1053.881845760705, 399.3348189397075, 168.41097274184722, 47.45855451790703, 45.24627128856082, 108.15848135536362, 80.47338451068208, 137.90653371656663, 80.94942139335035, 45.50696365254407, 30.546481563331326, 13.934233468855382, 34.348036870447686, 24.664286924773478, 0.0, 4.863582847712678, 2.9023979812773177, 26.272564681537915, 5.719206118417787],
"numWorkings":[0, 4, 5, 5, 5, 5, 5, 5, 5, 5, 5, 5, 5, 5, 5, 5, 5, 5, 5, 5, 5],
"totalWorkingTimes":[0, 276471, 303424, 302212, 292941, 301029, 267373, 315026, 293369, 238004, 290105, 279909, 276789, 287979, 256090, 292985, 287656, 282440, 281809, 289412, 295216]}