	
{"problemName":"rc110_1.txt",
"populationK":1,
"lsRunTime":70000,
"addFirstNeighborhoods":true,
"numHelperNeighborhoods":300,
"numRounds":20,
"numMappers":5,
"roundLengths":[0, 83697, 77632, 79294, 83448, 73645, 78668, 79653, 81761, 80225, 80020, 76013, 80560, 79790, 76540, 83076, 83403, 80545, 78653, 79040, 77333],
"bestSolCosts":[71127.67795635377, 51156.74160020462, 50295.1233766528, 49878.514558801566, 49586.04359693388, 49386.07895299666, 49299.87626469692, 49246.852810134355, 49233.61565363948, 49210.678954774325, 49162.610420001176, 49124.41639963021, 49093.51220836191, 49093.51220836191, 49093.51220836191, 49089.049275290614, 49088.48325369083, 49088.48325369083, 49077.01463180757, 49067.05941523404, 49033.58480678447],
"helperTimes":[0, 0, 476, 615, 929, 913, 1211, 2052, 752, 222, 216, 669, 387, 156, 0, 0, 0, 54, 0, 0, 128],
"regularTimes":[0, 68022, 58115, 60679, 58182, 52878, 58083, 58489, 50542, 58377, 57451, 54986, 59741, 59676, 59091, 60295, 52229, 46185, 46101, 54030, 52930],
"helperSuccessfuls":[0, 0, 0, 4, 22, 8, 6, 6, 0, 0, 2, 1, 0, 0, 0, 0, 0, 0, 0, 0, 1],
"helperTrieds":[0, 0, 200, 200, 199, 182, 180, 122, 72, 8, 24, 44, 28, 14, 0, 0, 0, 4, 0, 0, 7],
"regularSuccessfuls":[0, 1074, 139, 50, 57, 26, 26, 17, 4, 16, 18, 16, 5, 0, 0, 1, 1, 0, 7, 5, 15],
"regularTrieds":[0, 7151, 2498, 8385, 8382, 10647, 8039, 9579, 8125, 8591, 8443, 6816, 11295, 10459, 9846, 9607, 7091, 4348, 5032, 6520, 8686],
"helperImprovements":[0.0, 0.0, 0.0, 2.297795309801586, 73.6624417637504, 19.573115703904477, 13.925594887645275, 14.473008582404873, 0.0, 0.0, 1.9084740569524001, 8.508439828889095, 0.0, 0.0, 0.0, 0.0, 0.0, 0.0, 0.0, 0.0, 1.0241997514604009],
"regularImprovements":[0.0, 21547.019839946486, 861.6182235518208, 414.3110225414348, 218.80852010393573, 180.39152823331824, 72.27709341209265, 38.550445980159566, 13.237156494877127, 22.93669886515272, 46.16006071619631, 29.68558054207824, 30.904191268295108, 0.0, 0.0, 4.462933071299631, 0.5660215997850173, 0.0, 11.468621883257583, 9.95521657352947, 32.45040869811055],
"numWorkings":[0, 5, 5, 5, 5, 5, 5, 5, 5, 5, 5, 5, 5, 5, 5, 5, 5, 5, 5, 5, 5],
"totalWorkingTimes":[0, 318419, 290203, 299066, 267231, 269756, 294925, 299116, 255639, 284038, 289297, 278997, 299120, 297759, 295034, 301275, 271196, 236919, 234651, 273902, 270806]}