	{"problemName":"rc110_1.txt",
"populationK":1,
"lsRunTime":70000,
"addFirstNeighborhoods":true,
"numHelperNeighborhoods":300,
"numRounds":20,
"numMappers":5,
"roundLengths":[0, 82683, 78520, 79613, 80237, 77654, 79666, 77652, 78745, 79556, 80706, 79011, 77402, 80916, 76563, 78554, 80916, 81486, 78667, 80060, 81374],
"bestSolCosts":[72609.16110713569, 49397.27558026918, 49009.323016070884, 48825.41091448483, 48731.14787416875, 48636.40791327135, 48622.30605035741, 48568.28822649053, 48479.71555173118, 48442.28445804627, 48424.30345667074, 48382.08184076679, 48363.11534051189, 48338.303736070135, 48336.35498492838, 48315.656935708896, 48306.82515678856, 48306.82515678856, 48306.82515678856, 48306.82515678856, 48306.82515678856],
"helperTimes":[0, 0, 474, 1121, 1004, 781, 372, 206, 431, 785, 1002, 0, 127, 56, 189, 0, 119, 262, 0, 0, 0],
"regularTimes":[0, 61504, 60795, 59802, 58615, 55024, 57214, 57361, 56737, 50413, 54031, 56074, 58254, 61829, 57356, 61895, 58464, 59358, 50414, 60749, 59813],
"helperSuccessfuls":[0, 0, 0, 4, 3, 5, 0, 7, 9, 16, 0, 0, 0, 2, 0, 0, 1, 0, 0, 0, 0],
"helperTrieds":[0, 0, 200, 200, 123, 67, 35, 10, 55, 88, 65, 0, 8, 4, 11, 0, 8, 20, 0, 0, 0],
"regularSuccessfuls":[0, 1647, 100, 46, 16, 7, 3, 11, 11, 3, 4, 3, 2, 6, 2, 8, 12, 0, 0, 0, 0],
"regularTrieds":[0, 10564, 4806, 11115, 8407, 10115, 10787, 10996, 10525, 14461, 11733, 12670, 13298, 12837, 10941, 14436, 13168, 14684, 9176, 14284, 13518],
"helperImprovements":[0.0, 0.0, 0.0, 9.465136524740956, 7.704407651814108, 60.59115378516435, 0.0, 13.92916299389617, 15.025434373543249, 24.275357299462485, 0.0, 0.0, 0.0, 4.773570192744955, 0.0, 0.0, 0.1337092525573098, 0.0, 0.0, 0.0, 0.0],
"regularImprovements":[0.0, 29322.097625325987, 387.9525641982982, 174.44696506131004, 86.55863266426604, 34.14880711223668, 14.101862913943478, 40.0886608729852, 73.54724038580753, 13.15573638544447, 17.98100137552683, 42.221615903952625, 18.966500254900893, 20.038034249009797, 1.9487511417537462, 20.698049219485256, 8.698069667778327, 0.0, 0.0, 0.0, 0.0],
"numWorkings":[0, 5, 5, 5, 5, 5, 5, 5, 5, 5, 5, 5, 5, 5, 5, 5, 5, 5, 5, 5, 5],
"totalWorkingTimes":[0, 314172, 304571, 304033, 297036, 279123, 287962, 284236, 288742, 263957, 271597, 281215, 291881, 301327, 278554, 310197, 297190, 297887, 264807, 304267, 298861]}