	­{"problemName":"rc110_1.txt",
"populationK":1,
"lsRunTime":70000,
"addFirstNeighborhoods":true,
"numHelperNeighborhoods":300,
"numRounds":20,
"numMappers":5,
"roundLengths":[0, 82412, 78590, 79692, 94860, 79751, 77618, 80687, 112009, 76271, 94328, 83204, 81731, 78746, 81632, 79850, 80503, 78743, 82996, 77293, 85816],
"bestSolCosts":[72236.24896022999, 50675.711310754414, 50193.92722594875, 50021.14064878081, 49891.2254235064, 49703.06357384502, 49656.04755092701, 49585.54778094435, 49526.646040629705, 49509.92421044553, 49395.54704060298, 49357.3172393093, 49337.46780695182, 49303.86065694752, 49245.2749283397, 49123.735158352254, 49102.313131765055, 49072.70220548014, 49030.152685501496, 49008.72732539778, 48961.10750581009],
"helperTimes":[0, 0, 383, 1076, 761, 410, 815, 367, 865, 472, 518, 280, 427, 326, 386, 162, 609, 290, 304, 238, 513],
"regularTimes":[0, 62261, 61392, 56221, 75564, 57561, 56361, 60403, 60660, 56828, 77528, 57792, 56641, 54948, 61628, 58511, 57933, 54093, 65156, 54894, 67277],
"helperSuccessfuls":[0, 0, 0, 6, 2, 0, 2, 10, 8, 3, 1, 0, 2, 10, 0, 2, 1, 2, 1, 4, 1],
"helperTrieds":[0, 0, 200, 200, 137, 61, 89, 31, 91, 54, 29, 15, 25, 37, 55, 6, 68, 10, 29, 12, 21],
"regularSuccessfuls":[0, 1401, 117, 31, 19, 20, 5, 9, 7, 9, 23, 10, 9, 7, 1, 6, 2, 9, 11, 6, 13],
"regularTrieds":[0, 9096, 6892, 8135, 7028, 7801, 7365, 8669, 7660, 8230, 5595, 5797, 8061, 7266, 8953, 8070, 9060, 7394, 4520, 4673, 2921],
"helperImprovements":[0.0, 0.0, 0.0, 15.724747197753459, 1.9375105223080027, 0.0, 1.481537087362085, 15.82499658375309, 35.393312761087145, 0.8899110794154694, 1.3718069642054616, 0.0, 0.8216777447014465, 13.252704706013901, 0.0, 0.5685783601365983, 2.3582108795671957, 6.561073397235305, 5.242321301513584, 1.2187669339909917, 8.618629789045372],
"regularImprovements":[0.0, 21560.537649475576, 481.78408480566577, 157.06182997018186, 127.97771475210175, 188.16184966138098, 45.53448583064892, 54.674773398910474, 23.50842755355552, 15.831919104755798, 113.00536287834984, 38.229801293680794, 19.027754612776334, 20.35444529828237, 58.58572860782442, 120.97119162730814, 19.063815707631875, 23.049852887677844, 37.307198677131964, 20.206593169728876, 39.00118979864055],
"numWorkings":[0, 5, 5, 5, 5, 5, 5, 5, 5, 5, 5, 5, 5, 5, 5, 5, 5, 5, 5, 5, 5],
"totalWorkingTimes":[0, 318058, 302592, 286432, 296138, 291785, 280844, 305986, 344174, 283453, 315185, 288866, 301570, 287195, 306499, 286897, 298583, 275667, 307265, 278406, 300744]}