	|{"problemName":"rc110_1.txt",
"populationK":1,
"lsRunTime":70000,
"addFirstNeighborhoods":true,
"numHelperNeighborhoods":300,
"numRounds":20,
"numMappers":10,
"roundLengths":[0, 83219, 78790, 75394, 80921, 75746, 77634, 80652, 79528, 78592, 77349, 81048, 78371, 80915, 77571, 79590, 77871, 83502, 78803, 80945, 81342],
"bestSolCosts":[71431.15890977017, 50368.75653450654, 49947.71716329937, 49710.450321487144, 49246.09342672498, 49101.684415891046, 48963.73087375355, 48927.60838119833, 48845.59180373768, 48804.38659192261, 48774.293887757536, 48717.6954458922, 48708.24013038994, 48672.52847812484, 48630.281691207885, 48571.22209083313, 48557.21523547789, 48556.78140264776, 48550.06757331819, 48549.583099036274, 48543.560979019574],
"helperTimes":[0, 0, 479, 953, 1772, 2984, 1166, 1223, 1129, 1278, 580, 568, 645, 281, 482, 591, 2686, 195, 0, 0, 47],
"regularTimes":[0, 61237, 59898, 57287, 52908, 48755, 56150, 54961, 56767, 57384, 57608, 55464, 54190, 62203, 53179, 59026, 49433, 59677, 57652, 52589, 52814],
"helperSuccessfuls":[0, 0, 0, 6, 11, 6, 12, 0, 6, 3, 0, 0, 2, 2, 1, 3, 0, 0, 0, 0, 0],
"helperTrieds":[0, 0, 301, 301, 264, 301, 189, 222, 29, 111, 39, 31, 27, 27, 40, 67, 75, 25, 0, 0, 1],
"regularSuccessfuls":[0, 1396, 89, 63, 51, 39, 23, 8, 12, 15, 10, 10, 3, 17, 7, 6, 8, 1, 1, 1, 5],
"regularTrieds":[0, 8657, 9778, 8275, 7490, 8014, 8925, 9881, 8571, 11034, 9490, 10037, 9011, 10497, 8157, 7866, 9342, 9757, 9725, 10157, 6775],
"helperImprovements":[0.0, 0.0, 0.0, 28.153069973581296, 33.723690359751345, 43.261321394842525, 20.510324876617233, 0.0, 39.82150664566143, 5.6065828534337925, 0.0, 0.0, 1.359484839864308, 3.0972123165411176, 2.371108893552446, 13.838467627945647, 0.0, 0.0, 0.0, 0.0, 0.0],
"regularImprovements":[0.0, 27819.209077845982, 421.0393712071673, 209.11377183864533, 430.6332044024093, 101.14768943909439, 117.44321726087946, 36.12249255521601, 42.19507081498887, 35.598628961641225, 30.092704165072064, 56.59844186533883, 8.095830662394292, 32.61443994855654, 39.87567802340345, 45.221132746810326, 14.006855355240987, 0.4338328301309957, 6.71382932956476, 0.48447428191866493, 6.022120016699773],
"numWorkings":[0, 10, 10, 8, 10, 9, 10, 10, 10, 10, 10, 10, 10, 10, 10, 10, 10, 10, 10, 10, 10],
"totalWorkingTimes":[0, 623556, 545758, 453292, 554340, 494280, 563934, 571229, 567415, 583352, 572374, 560518, 546761, 611516, 570705, 596508, 564147, 589960, 512291, 522106, 535069]}