	–{"problemName":"rc110_1.txt",
"populationK":1,
"lsRunTime":70000,
"addFirstNeighborhoods":true,
"numHelperNeighborhoods":300,
"numRounds":20,
"numMappers":10,
"roundLengths":[0, 83286, 78588, 74679, 80675, 77905, 77626, 78660, 80526, 79597, 81041, 80672, 78057, 80546, 76925, 78602, 77870, 79507, 78634, 80096, 80340],
"bestSolCosts":[72549.20696891272, 50310.191674614696, 49356.450736330575, 49215.896234766595, 49102.323472406555, 49021.158878522394, 48894.48720283537, 48861.32704573412, 48815.21738232816, 48649.23316061778, 48579.65569269044, 48505.72527475768, 48351.650396723686, 48249.6479092517, 48222.95109988116, 48213.87428992918, 48166.65137840171, 48125.7972447967, 48121.01059315706, 48094.052714884034, 48078.805901530315],
"helperTimes":[0, 0, 582, 2172, 2551, 2629, 1706, 1398, 554, 958, 1667, 443, 768, 506, 390, 94, 133, 0, 221, 435, 0],
"regularTimes":[0, 63288, 59741, 53953, 52844, 53615, 58280, 53930, 56434, 56259, 55234, 56997, 53436, 58293, 52770, 56826, 58240, 46637, 59348, 51821, 51866],
"helperSuccessfuls":[0, 0, 0, 1, 7, 4, 6, 1, 8, 1, 2, 7, 2, 3, 0, 0, 0, 0, 2, 0, 0],
"helperTrieds":[0, 0, 301, 301, 301, 186, 131, 127, 21, 87, 151, 54, 126, 106, 68, 10, 2, 0, 7, 30, 0],
"regularSuccessfuls":[0, 1479, 121, 27, 36, 20, 25, 3, 7, 43, 3, 13, 24, 11, 2, 6, 13, 8, 0, 6, 3],
"regularTrieds":[0, 10855, 9062, 10450, 10108, 11026, 9969, 10631, 10048, 13654, 11341, 10520, 9922, 11909, 12968, 13692, 10202, 10308, 12238, 10860, 8548],
"helperImprovements":[0.0, 0.0, 0.0, 4.462677152514516, 8.064475401144591, 23.706553726900893, 11.972634039222612, 18.980015392851783, 18.81666700513597, 0.12323611793544842, 21.7677928334233, 15.078892666970205, 1.7005835252639372, 21.32260593043611, 0.0, 0.0, 0.0, 0.0, 4.786651639638876, 0.0, 0.0],
"regularImprovements":[0.0, 29986.537586030354, 953.7409382841215, 136.0918244114655, 105.50828695889504, 57.45804015726026, 114.69904164780019, 14.180141708398878, 27.29299640082172, 165.8609855924442, 47.809675093922124, 58.85152526578895, 152.37429450872878, 80.67988154155319, 26.696809370536357, 9.076809951977339, 47.222911527474935, 40.85413360501116, 0.0, 26.957878273024107, 15.246813353718608],
"numWorkings":[0, 10, 10, 9, 10, 10, 10, 10, 10, 10, 10, 10, 10, 10, 10, 10, 10, 10, 10, 10, 10],
"totalWorkingTimes":[0, 643074, 551890, 504051, 555254, 568195, 592291, 569763, 568226, 561888, 562140, 583587, 500164, 589174, 476099, 562132, 564626, 469972, 566791, 530702, 529168]}