	{"problemName":"rc110_1.txt",
"populationK":60,
"lsRunTime":70000,
"addFirstNeighborhoods":true,
"numHelperNeighborhoods":0,
"numRounds":20,
"numMappers":100,
"roundLengths":[0, 89598, 78082, 79817, 84762, 79835, 80783, 78448, 86808, 80396, 78857, 80684, 79715, 78758, 80695, 83656, 77482, 83686, 79536, 77706, 81505],
"bestSolCosts":[68558.88703613575, 50137.36268898761, 49234.06528700699, 49045.585286330075, 48774.24272803431, 48703.85516660557, 48667.76848438425, 48615.8873473465, 48564.877973526534, 48428.81748681643, 48365.30895202546, 48287.866638920495, 48231.7035734278, 48187.37746664499, 48122.73069951577, 48064.62960568399, 48029.297677085735, 47936.08384023793, 47902.57408659812, 47867.85226397134, 47857.08164102391],
"helperTimes":[0, 0, 38, 49, 35, 24, 53, 37, 296, 44, 48, 28, 26, 141, 157, 30, 91, 68, 21, 44, 58],
"regularTimes":[0, 58867, 47536, 52624, 54327, 54797, 56528, 54388, 54515, 56021, 53154, 49083, 53459, 50725, 45212, 56139, 54496, 51445, 49932, 55225, 55498],
"helperSuccessfuls":[0, 0, 0, 0, 0, 0, 0, 1, 1, 1, 0, 0, 0, 1, 0, 0, 1, 0, 0, 0, 0],
"helperTrieds":[0, 0, 1, 1, 1, 1, 1, 1, 1, 1, 1, 1, 1, 1, 1, 1, 1, 1, 1, 1, 1],
"regularSuccessfuls":[0, 1482, 137, 40, 30, 12, 16, 26, 23, 28, 28, 16, 16, 19, 11, 18, 12, 34, 9, 4, 1],
"regularTrieds":[0, 7848, 4582, 3857, 8482, 7855, 9970, 6778, 7171, 6079, 7365, 5098, 6393, 7723, 6172, 12003, 7961, 7016, 8742, 8268, 8736],
"helperImprovements":[0.0, 0.0, 0.0, 0.0, 0.0, 0.0, 0.0, 1.746857168574934, 9.891791597656265, 8.217649760161294, 0.0, 0.0, 0.0, 3.2949636466801167, 0.0, 0.0, 0.898814475745894, 0.0, 0.0, 0.0, 0.0],
"regularImprovements":[0.0, 22654.0402842689, 903.2974019806206, 188.48000067691464, 271.3425582957643, 70.38756142873899, 72.39021604782465, 91.57764786518237, 41.117582222308556, 165.41201739518146, 63.50853479096986, 77.44231310496252, 56.16306549269211, 41.03114313613332, 64.64676712921937, 74.61776481103152, 92.53420795428974, 126.87249151690048, 33.50975363980979, 34.72182262677961, 10.77062294742791],
"numWorkings":[0, 100, 100, 99, 100, 96, 98, 98, 100, 97, 99, 100, 97, 98, 98, 97, 38, 95, 100, 94, 96],
"totalWorkingTimes":[0, 5905994, 5114282, 5224440, 5507384, 5414755, 5577983, 5237991, 5589347, 5412094, 5359120, 5058353, 5275026, 5136847, 4789619, 5388474, 3526296, 5003243, 5180650, 5227557, 5127017]}