	‘{"problemName":"rc110_1.txt",
"populationK":1,
"lsRunTime":70000,
"addFirstNeighborhoods":true,
"numHelperNeighborhoods":300,
"numRounds":20,
"numMappers":10,
"roundLengths":[0, 83318, 77587, 81698, 77624, 74821, 80739, 81691, 78508, 76479, 78687, 78677, 80688, 79912, 78386, 80612, 76865, 78094, 78042, 80595, 80863],
"bestSolCosts":[69555.34535854611, 50869.50245087337, 50200.88535639049, 49839.09456474688, 49541.35997330305, 49354.14931879918, 49021.47840040166, 48832.45844101372, 48729.428210581624, 48484.27204589282, 48449.43893907913, 48439.083197337764, 48434.02039077789, 48415.6185522609, 48408.57747525275, 48321.2797680369, 48293.87284901117, 48276.15980158431, 48267.54278787731, 48241.79635488083, 48193.28748166222],
"helperTimes":[0, 0, 573, 1514, 3232, 1251, 1173, 1815, 1444, 484, 1087, 340, 112, 263, 52, 0, 270, 210, 36, 261, 545],
"regularTimes":[0, 62664, 59700, 57742, 53782, 57373, 55536, 55132, 56819, 53597, 57870, 58112, 47531, 57415, 52929, 57714, 51833, 50195, 49320, 56791, 53960],
"helperSuccessfuls":[0, 0, 0, 11, 23, 4, 18, 9, 7, 1, 5, 0, 1, 0, 0, 0, 1, 0, 0, 1, 1],
"helperTrieds":[0, 0, 301, 301, 301, 301, 191, 301, 269, 92, 96, 74, 7, 19, 2, 0, 19, 10, 2, 10, 14],
"regularSuccessfuls":[0, 1199, 95, 50, 65, 31, 34, 20, 11, 36, 7, 4, 3, 7, 2, 13, 4, 4, 4, 10, 4],
"regularTrieds":[0, 8374, 2930, 5303, 5034, 9664, 6193, 7745, 10066, 6635, 9088, 11287, 10477, 11348, 7803, 10350, 9866, 9261, 9789, 10073, 9691],
"helperImprovements":[0.0, 0.0, 0.0, 112.77896432676062, 87.90488936411566, 11.735963034574524, 123.72041959607304, 30.684503790376766, 51.17704467270232, 0.6177418385414057, 8.104490326157247, 0.0, 1.521915955003351, 0.0, 0.0, 0.0, 13.52357705488248, 0.0, 0.0, 0.47840358636312885, 22.79245856333],
"regularImprovements":[0.0, 18685.84290767274, 668.6170944828773, 249.0118273168482, 209.82970207971812, 175.47469146929507, 208.95049880144506, 158.3354555975675, 51.853185759391636, 244.53842285025894, 26.728616487533145, 10.355741741368547, 3.540890604868764, 18.40183851699112, 7.041077008150751, 87.29770721585373, 13.883341970846232, 17.713047426856065, 8.617013707000297, 25.26802941011556, 25.71641465528228],
"numWorkings":[0, 10, 10, 8, 9, 9, 10, 10, 10, 10, 10, 10, 10, 10, 10, 10, 10, 10, 10, 10, 10],
"totalWorkingTimes":[0, 636689, 567195, 483566, 527667, 532113, 580296, 572052, 556901, 560409, 591953, 597045, 474039, 561093, 501973, 573136, 524996, 514148, 504013, 570541, 554591]}