	°{"problemName":"rc110_1.txt",
"populationK":1,
"lsRunTime":70000,
"addFirstNeighborhoods":true,
"numHelperNeighborhoods":300,
"numRounds":20,
"numMappers":10,
"roundLengths":[0, 81457, 97628, 81423, 74699, 78944, 76576, 78719, 80471, 80534, 79689, 79012, 78724, 79708, 82878, 81579, 79544, 81806, 77040, 82592, 78869],
"bestSolCosts":[71654.44017227455, 50569.41016584436, 49353.13175531242, 49063.002214637076, 48908.91841468861, 48618.69818104297, 48492.52674039481, 48403.709645381154, 48318.400038939195, 48265.27479227509, 48248.761188506454, 48231.14374117203, 48171.60937668025, 48164.70795808453, 48149.65139693659, 48147.215040342046, 48142.15118718432, 48133.85031827819, 48130.48235456181, 48123.701481852615, 48088.11650589727],
"helperTimes":[0, 0, 477, 1212, 1914, 999, 1659, 902, 847, 2308, 545, 287, 161, 214, 210, 310, 234, 368, 739, 907, 0],
"regularTimes":[0, 52648, 59731, 56814, 45307, 53422, 51708, 54805, 57409, 56685, 59315, 53869, 55019, 55446, 58243, 57352, 57167, 56272, 56230, 59432, 56454],
"helperSuccessfuls":[0, 0, 0, 6, 11, 15, 3, 3, 10, 3, 0, 1, 0, 2, 1, 1, 0, 4, 1, 0, 0],
"helperTrieds":[0, 0, 301, 301, 301, 265, 301, 175, 169, 229, 100, 25, 14, 14, 21, 12, 24, 7, 52, 13, 0],
"regularSuccessfuls":[0, 1311, 193, 65, 32, 59, 37, 18, 25, 17, 6, 3, 4, 1, 7, 3, 2, 3, 1, 5, 8],
"regularTrieds":[0, 7942, 6444, 6081, 5500, 6462, 4461, 6926, 9579, 9562, 12594, 7547, 12005, 11835, 12295, 10099, 12293, 9899, 13214, 12470, 11538],
"helperImprovements":[0.0, 0.0, 0.0, 14.037712637473305, 41.912105263800186, 40.046244101031334, 18.82982814150455, 5.374278435592714, 21.94997691725439, 6.757427522607031, 0.0, 4.878102211521764, 0.0, 1.694013060470752, 0.27120877570996527, 0.19639447397639742, 0.0, 4.103242218407104, 1.9465945408373955, 0.0, 0.0],
"regularImprovements":[0.0, 21085.030006430192, 1216.2784105319442, 276.09182803786825, 112.17169468466454, 250.17398954460805, 107.34161250665784, 83.44281657806278, 63.35962952470436, 46.36781914149469, 16.51360376863886, 12.739345122899977, 59.53436449178116, 5.207405535249563, 14.785352372229681, 2.239962120569544, 5.063853157727863, 4.197626687717275, 1.4213691755430773, 6.780872709197865, 35.584975955345726],
"numWorkings":[0, 10, 10, 10, 9, 10, 8, 10, 10, 10, 10, 10, 10, 10, 10, 10, 10, 10, 10, 10, 10],
"totalWorkingTimes":[0, 556913, 607931, 586295, 414832, 566316, 419333, 555367, 591031, 591809, 572759, 542898, 568843, 573252, 582946, 574494, 576745, 587314, 571370, 605263, 567726]}