	d{"problemName":"rc110_1.txt",
"populationK":1,
"lsRunTime":70000,
"addFirstNeighborhoods":true,
"numHelperNeighborhoods":300,
"numRounds":20,
"numMappers":20,
"roundLengths":[0, 83356, 77630, 78295, 76747, 75902, 77579, 84720, 77521, 79485, 78686, 81023, 76313, 80529, 78812, 78590, 76867, 80099, 84051, 76019, 80930],
"bestSolCosts":[72104.1001420694, 49940.34788079526, 49269.935949668485, 49092.99373975908, 48930.05935060096, 48805.2596271914, 48754.05547328972, 48564.411956773474, 48505.41879084504, 48470.03529041869, 48446.09763089007, 48442.19072916898, 48389.00999056854, 48350.585532094476, 48341.0116951576, 48305.594478701154, 48277.73110351324, 48277.73110351324, 48277.73110351324, 48277.73110351324, 48277.00821230814],
"helperTimes":[0, 0, 473, 1491, 1597, 2451, 1975, 1043, 2379, 1101, 3428, 1832, 158, 756, 1033, 803, 301, 612, 0, 0, 0],
"regularTimes":[0, 54868, 53531, 56472, 57105, 53557, 56173, 54214, 55012, 53549, 53545, 59009, 55768, 56954, 56497, 57085, 51222, 51236, 52487, 55281, 51750],
"helperSuccessfuls":[0, 0, 0, 7, 7, 9, 3, 6, 0, 4, 6, 0, 3, 1, 6, 0, 4, 0, 0, 0, 0],
"helperTrieds":[0, 0, 301, 301, 301, 301, 301, 127, 301, 95, 231, 136, 11, 66, 50, 122, 13, 76, 0, 0, 0],
"regularSuccessfuls":[0, 1508, 86, 42, 27, 30, 10, 41, 13, 13, 4, 1, 1, 5, 2, 5, 0, 0, 0, 0, 1],
"regularTrieds":[0, 9034, 4553, 5729, 6754, 6689, 7235, 2356, 8111, 12543, 11769, 13629, 13145, 11916, 13381, 11742, 9871, 12189, 10695, 11937, 10925],
"helperImprovements":[0.0, 0.0, 0.0, 36.611053485677985, 29.433382710551086, 19.176173607236706, 3.968746278900653, 18.9638970170854, 0.0, 2.726134453470877, 17.51148831100727, 0.0, 3.7612853220198303, 2.941708189158817, 8.998104151971347, 0.0, 27.863375187916972, 0.0, 0.0, 0.0, 0.0],
"regularImprovements":[0.0, 25490.9620722768, 670.4119311267787, 140.33115642373014, 133.50100644756458, 105.6235498023234, 47.23540762277844, 170.67961949916207, 58.99316592843388, 32.65736597288196, 6.426171217608498, 3.9069017210931634, 49.41945327841677, 35.482750284907524, 0.5757327849059948, 35.417216456444294, 0.0, 0.0, 0.0, 0.0, 0.7228912050995859],
"numWorkings":[0, 20, 20, 19, 17, 18, 18, 20, 19, 20, 20, 20, 20, 20, 20, 20, 20, 20, 20, 20, 20],
"totalWorkingTimes":[0, 1108280, 1109098, 1120467, 917854, 1037225, 1024502, 1140152, 1107409, 1104386, 1136083, 1189933, 939633, 1188377, 1082487, 1150534, 1083528, 1062017, 1031570, 1083532, 1097687]}