	Ø{"problemName":"rc110_1.txt",
"populationK":1,
"lsRunTime":70000,
"addFirstNeighborhoods":true,
"numHelperNeighborhoods":300,
"numRounds":20,
"numMappers":20,
"roundLengths":[0, 82074, 78668, 77623, 76646, 76906, 77614, 80689, 76506, 80494, 76178, 80519, 78697, 79729, 80221, 78279, 79192, 77627, 77510, 78758, 83696],
"bestSolCosts":[70119.42925974373, 49956.43038098146, 49507.4979103698, 49223.12800003673, 49066.293542346226, 48844.75592597662, 48725.803037742466, 48631.264513442184, 48499.14020005989, 48385.141415104306, 48250.31300084534, 48192.85808390952, 48140.06380786998, 48103.10270681297, 48093.21289133014, 48087.882056184644, 48027.588403246, 47938.9852712903, 47911.8963171211, 47893.25545089426, 47891.85205897347],
"helperTimes":[0, 0, 610, 872, 1618, 1478, 1442, 2169, 1592, 799, 3272, 1159, 1304, 929, 800, 573, 1236, 92, 1443, 322, 598],
"regularTimes":[0, 61432, 57362, 57034, 52689, 59784, 57900, 56457, 50903, 56174, 50090, 58348, 48140, 51813, 54293, 56839, 53096, 54745, 50249, 55116, 48393],
"helperSuccessfuls":[0, 0, 0, 9, 3, 17, 2, 10, 2, 16, 0, 6, 10, 4, 0, 4, 0, 3, 1, 4, 0],
"helperTrieds":[0, 0, 301, 301, 301, 301, 301, 294, 301, 230, 301, 197, 203, 268, 198, 46, 96, 3, 168, 27, 80],
"regularSuccessfuls":[0, 1409, 81, 43, 41, 39, 26, 22, 31, 52, 35, 10, 8, 9, 9, 2, 11, 16, 2, 2, 3],
"regularTrieds":[0, 9362, 7507, 10052, 9333, 11904, 10326, 8857, 9786, 11883, 8509, 11928, 8321, 8671, 9588, 8762, 10593, 11046, 11243, 11865, 10466],
"helperImprovements":[0.0, 0.0, 0.0, 91.79087641319347, 17.953335263468034, 72.76945546436036, 6.816334322706098, 34.803717827642686, 7.421013104758458, 41.27732667739474, 0.0, 18.06166279122408, 31.94944309584389, 4.93260450699745, 0.0, 4.299958594718191, 0.0, 11.724833344451326, 1.9955498625859036, 9.100723095296416, 0.0],
"regularImprovements":[0.0, 27945.733387870278, 448.9324706116604, 192.57903391987202, 138.88112242703937, 148.76816090524517, 112.13655391144857, 59.73480647263932, 124.70330027753516, 72.72145827818895, 134.82841425896913, 39.39325414459017, 20.844832943701476, 32.02849655001046, 9.889815482827544, 1.0308765507797943, 60.29365293864248, 76.87829861124919, 25.09340430661541, 9.54014313154039, 1.4033919207940926],
"numWorkings":[0, 20, 20, 18, 19, 18, 20, 20, 18, 20, 18, 20, 20, 20, 20, 20, 20, 20, 20, 20, 20],
"totalWorkingTimes":[0, 1238218, 1162731, 1054209, 1045429, 1073557, 1071903, 1175238, 956623, 1150921, 947385, 1180757, 1067503, 1069660, 1088769, 1106922, 1102356, 1057989, 1060088, 1112666, 1029867]}