	ì{"problemName":"rc110_1.txt",
"populationK":1,
"lsRunTime":70000,
"addFirstNeighborhoods":true,
"numHelperNeighborhoods":300,
"numRounds":20,
"numMappers":20,
"roundLengths":[0, 84048, 79591, 78608, 74738, 74900, 77580, 79722, 72455, 80532, 77181, 77689, 78994, 80552, 77929, 77475, 80999, 79097, 78041, 76755, 79692],
"bestSolCosts":[73231.33718712696, 50907.20454692583, 49874.965460981744, 49428.35988510589, 49169.280162739145, 48957.25193470022, 48870.63195033917, 48760.36746670445, 48728.57685136432, 48650.85348309068, 48506.85672272926, 48447.24285074155, 48393.624595059264, 48344.94115631983, 48323.75331543029, 48310.48498409009, 48308.62039394938, 48290.69219263006, 48280.657174636886, 48272.36025851377, 48267.44539660835],
"helperTimes":[0, 0, 427, 2220, 1184, 2045, 2073, 1501, 1825, 616, 2505, 1707, 1299, 746, 1143, 1032, 271, 348, 1037, 181, 550],
"regularTimes":[0, 61820, 59285, 58289, 51916, 51960, 55795, 59126, 53488, 57022, 45418, 58010, 46998, 45490, 50615, 56855, 56578, 57347, 55601, 53467, 53269],
"helperSuccessfuls":[0, 0, 0, 5, 1, 7, 4, 10, 3, 3, 7, 4, 6, 4, 4, 1, 0, 2, 0, 0, 1],
"helperTrieds":[0, 0, 301, 301, 301, 301, 301, 221, 301, 177, 226, 190, 174, 212, 231, 86, 29, 27, 101, 8, 36],
"regularSuccessfuls":[0, 1381, 209, 92, 36, 43, 6, 17, 11, 21, 13, 15, 6, 16, 14, 6, 3, 9, 6, 4, 4],
"regularTrieds":[0, 8106, 7985, 4908, 6214, 9870, 12147, 12900, 10562, 10293, 7311, 13048, 7521, 8545, 10171, 13731, 11741, 14785, 12382, 12885, 12906],
"helperImprovements":[0.0, 0.0, 0.0, 7.5669203171055415, 1.521143558435142, 27.23875681067875, 34.74842299021839, 34.72848091965716, 8.998908846522681, 2.2477154642838286, 31.579533871212334, 6.805254379767575, 36.24411651077389, 3.396393132425146, 8.92270553590788, 0.4746000115410425, 0.0, 1.0484003726087394, 0.0, 0.0, 0.9786365554464282],
"regularImprovements":[0.0, 22405.281381285487, 1032.2390859440857, 439.03865555874654, 257.5585788083117, 184.7894712282432, 51.87156137083366, 75.5360027150673, 22.79170649360458, 75.47565280935669, 112.41722649020812, 52.80861760793778, 17.374139171515708, 45.28704560700862, 12.265135353634832, 12.793731328652939, 1.8645901407144265, 16.879800946713658, 10.035017993170186, 8.296916123115807, 3.9362253499712097],
"numWorkings":[0, 20, 20, 19, 18, 18, 17, 20, 18, 20, 20, 20, 20, 20, 20, 20, 20, 20, 20, 20, 20],
"totalWorkingTimes":[0, 1250329, 1199668, 1096057, 962447, 986405, 981491, 1204139, 1016088, 1180430, 966423, 1178930, 1069281, 896872, 1052584, 1152941, 1151512, 1116538, 1118681, 1075751, 1101285]}