	û{"problemName":"rc110_1.txt",
"populationK":1,
"lsRunTime":70000,
"addFirstNeighborhoods":true,
"numHelperNeighborhoods":300,
"numRounds":20,
"numMappers":50,
"roundLengths":[0, 101478, 80583, 79678, 73664, 79909, 74654, 80701, 78461, 76714, 81294, 76189, 74706, 74642, 80917, 81578, 79542, 79496, 82507, 78673, 80630],
"bestSolCosts":[70362.19050001571, 50170.86297409505, 49188.75929004528, 48830.323515125674, 48588.34186035602, 48493.55483534306, 48307.911197107496, 48207.19145836525, 48128.55379635973, 48056.111991469326, 47834.82115974625, 47745.47749560466, 47708.0970404394, 47649.94545701648, 47635.9862381156, 47624.667339265696, 47562.836654986706, 47549.95830344121, 47542.91013243034, 47540.65170412239, 47525.393323284836],
"helperTimes":[0, 0, 444, 1485, 1215, 1491, 1315, 3020, 2337, 2461, 1706, 2526, 1449, 1346, 1992, 3115, 847, 1570, 764, 3678, 151],
"regularTimes":[0, 61637, 59068, 55371, 52020, 57750, 52801, 54171, 52557, 50735, 54624, 52784, 54945, 48449, 54835, 49167, 54512, 54365, 53904, 50684, 55093],
"helperSuccessfuls":[0, 0, 1, 4, 4, 6, 1, 16, 0, 2, 14, 0, 3, 11, 1, 2, 2, 1, 2, 0, 0],
"helperTrieds":[0, 0, 301, 301, 301, 301, 301, 301, 301, 301, 301, 301, 301, 301, 301, 279, 144, 301, 51, 103, 6],
"regularSuccessfuls":[0, 1498, 143, 109, 36, 14, 51, 19, 33, 17, 42, 31, 5, 11, 12, 2, 16, 2, 3, 1, 5],
"regularTrieds":[0, 8621, 2058, 8567, 8839, 15607, 11901, 15141, 12947, 10422, 8962, 9630, 13211, 10872, 15258, 10742, 14813, 14860, 14876, 8369, 11652],
"helperImprovements":[0.0, 0.0, 4.16006417076278, 3.0429042163013946, 8.756998722550634, 6.392721269323374, 5.609762709078495, 39.36702721707843, 0.0, 5.771374521544203, 52.68496460410097, 0.0, 10.881109557769378, 31.43120524650294, 1.8657418694128864, 2.9116679813014343, 6.4928219039866235, 6.5670302451981115, 2.4763004137857934, 0.0, 0.0],
"regularImprovements":[0.0, 25168.952310559638, 977.9436198790063, 355.39287070330465, 233.22465604710305, 88.3943037436402, 180.033875526482, 61.35271152517089, 78.63766200551618, 66.67043036886025, 168.60586711897486, 89.34366414159012, 26.499345607488067, 26.720378176418308, 12.093477031470684, 8.407230868600891, 55.33786237500317, 6.311321300294367, 4.571870597086672, 2.258428307948634, 15.258380837556615],
"numWorkings":[0, 50, 50, 48, 47, 47, 46, 46, 49, 46, 49, 47, 46, 45, 48, 50, 50, 48, 50, 50, 50],
"totalWorkingTimes":[0, 3120367, 2977248, 2504149, 2505940, 2686940, 2491869, 2629877, 2701864, 2463226, 2764453, 2595164, 2618460, 2302884, 2720339, 2671187, 2750339, 2651816, 2736397, 2782394, 2740478]}