	³{"problemName":"rc110_1.txt",
"populationK":1,
"lsRunTime":70000,
"addFirstNeighborhoods":true,
"numHelperNeighborhoods":300,
"numRounds":20,
"numMappers":50,
"roundLengths":[0, 82730, 79670, 80223, 78708, 81945, 79661, 74676, 79445, 73515, 80861, 76849, 80201, 79165, 80916, 79572, 79993, 80493, 77978, 84556, 79860],
"bestSolCosts":[70582.05580192244, 50105.12733294964, 49419.84747981796, 49221.876847518404, 48944.00971732587, 48798.49816034448, 48620.639026573175, 48420.40980744015, 48335.06726488177, 48295.68127860428, 48240.10609950599, 48195.6374441378, 48168.59357778341, 48135.84407942478, 48121.78932695755, 48117.63824966945, 48112.429439919506, 48108.34838344936, 48104.88797014476, 48085.12669026078, 48082.29939888767],
"helperTimes":[0, 0, 456, 2140, 2031, 3026, 3187, 1268, 3648, 1503, 1511, 1654, 1952, 4165, 2121, 2930, 541, 0, 0, 441, 297],
"regularTimes":[0, 62243, 60087, 43857, 51575, 55824, 53279, 55427, 53144, 47569, 53224, 51448, 45921, 49428, 51585, 50121, 52661, 53597, 53006, 56514, 54614],
"helperSuccessfuls":[0, 0, 0, 3, 4, 3, 5, 5, 4, 2, 10, 2, 5, 2, 4, 1, 0, 0, 0, 0, 0],
"helperTrieds":[0, 0, 301, 301, 301, 301, 301, 301, 301, 301, 210, 301, 301, 301, 288, 290, 49, 0, 0, 15, 17],
"regularSuccessfuls":[0, 2458, 110, 26, 53, 20, 30, 36, 21, 6, 8, 20, 18, 8, 6, 0, 3, 1, 4, 5, 4],
"regularTrieds":[0, 9381, 7708, 7113, 5278, 8898, 8967, 7039, 9383, 10637, 9781, 11397, 7881, 6617, 8595, 7125, 9142, 8723, 8493, 8512, 10419],
"helperImprovements":[0.0, 0.0, 0.0, 4.927445580891799, 103.31690200351295, 20.550443007887225, 11.38503587316518, 47.29506293848681, 1.546684864719282, 8.07042782708595, 27.504797020686965, 7.546614084218163, 4.414883970748633, 1.1162313263048418, 0.7273839746048907, 4.151077288101078, 0.0, 0.0, 0.0, 0.0, 0.0],
"regularImprovements":[0.0, 82803.66516688309, 685.2798531316803, 193.0431867186635, 174.55022818902216, 124.96111397349887, 166.47409789814265, 152.93415619454026, 83.79585769365804, 31.31555845040566, 28.070382077603426, 36.92204128397134, 22.628982383641414, 31.63326703232451, 13.327368492624373, 0.0, 5.208809749943612, 4.081056470145995, 3.4604133046013885, 19.761279883976385, 2.82729137311253],
"numWorkings":[0, 49, 50, 50, 48, 48, 48, 46, 49, 46, 50, 49, 49, 46, 50, 50, 50, 50, 50, 50, 50],
"totalWorkingTimes":[0, 3056647, 2878337, 2418931, 2619474, 2843843, 2695963, 2552004, 2716170, 2191058, 2740207, 2568561, 2397155, 2532653, 2735611, 2656002, 2665281, 2727832, 2623883, 2903457, 2744157]}