	ß{"problemName":"rc110_1.txt",
"populationK":1,
"lsRunTime":70000,
"addFirstNeighborhoods":true,
"numHelperNeighborhoods":300,
"numRounds":20,
"numMappers":50,
"roundLengths":[0, 88763, 79634, 77219, 77480, 78057, 74552, 75883, 79580, 76383, 76670, 78035, 79200, 79161, 79479, 81022, 79534, 79807, 81045, 79035, 80443],
"bestSolCosts":[71314.61551851642, 49854.112061740074, 49048.11103549476, 48730.96856888494, 48539.12614659062, 48386.376028705505, 48246.168563693405, 48060.140050997084, 47915.21218417175, 47859.689202920825, 47762.39707830802, 47712.56885678402, 47683.08661180759, 47650.64840876743, 47626.84499919653, 47625.49416787006, 47573.55675003149, 47551.05651253688, 47550.23349252267, 47515.68938039244, 47509.61189567256],
"helperTimes":[0, 0, 473, 1671, 2171, 2889, 2000, 3936, 2304, 1706, 2650, 1408, 2677, 1559, 808, 1110, 1166, 65, 758, 179, 0],
"regularTimes":[0, 64237, 59560, 53479, 51777, 53610, 53392, 50837, 52295, 50368, 51046, 52028, 44630, 45950, 55800, 53587, 52772, 56025, 55454, 57907, 57174],
"helperSuccessfuls":[0, 0, 2, 1, 4, 5, 4, 9, 2, 5, 5, 7, 0, 2, 5, 2, 0, 1, 0, 0, 0],
"helperTrieds":[0, 0, 301, 301, 301, 301, 301, 301, 301, 301, 301, 301, 301, 301, 175, 301, 95, 3, 148, 11, 0],
"regularSuccessfuls":[0, 1372, 148, 73, 31, 45, 24, 51, 17, 10, 20, 16, 15, 7, 6, 1, 11, 2, 2, 6, 5],
"regularTrieds":[0, 8412, 4167, 6632, 7884, 9565, 9451, 2949, 9259, 8574, 8924, 8928, 7733, 9414, 12390, 8419, 10040, 8629, 12005, 11286, 9184],
"helperImprovements":[0.0, 0.0, 9.287342411109421, 1.1894826393254334, 3.9516757566671004, 41.98584460480197, 21.49407881569641, 26.628470798306807, 0.7465747664828086, 16.202034212401486, 21.869064937643998, 33.52809988959052, 0.0, 13.130602482880931, 15.648531620201538, 0.7872041326409089, 0.0, 17.961127297079656, 0.0, 0.0, 0.0],
"regularImprovements":[0.0, 24705.71556153272, 796.7136838342049, 315.9529839704919, 187.8907465376542, 110.76427328031423, 118.71338619640301, 159.40004189801402, 144.18129205884907, 39.320947038526356, 75.42305967515858, 16.30012163441279, 29.482244976432412, 19.307600557272963, 8.154877950699301, 0.5636271938274149, 51.93741783857695, 4.539110197525588, 0.8230200142133981, 34.544112130228314, 6.077484719877248],
"numWorkings":[0, 50, 50, 44, 48, 45, 47, 44, 45, 44, 47, 47, 46, 48, 50, 49, 50, 50, 50, 50, 50],
"totalWorkingTimes":[0, 3110643, 3004158, 2477274, 2653091, 2523587, 2634484, 2436396, 2467758, 2274327, 2546779, 2522149, 2160951, 2348443, 2843764, 2765012, 2716654, 2768077, 2801173, 2810088, 2888668]}