	ã{"problemName":"rc110_1.txt",
"populationK":1,
"lsRunTime":70000,
"addFirstNeighborhoods":true,
"numHelperNeighborhoods":300,
"numRounds":20,
"numMappers":50,
"roundLengths":[0, 91816, 80699, 102188, 79308, 80708, 73690, 79907, 80108, 79687, 75013, 78167, 77741, 77737, 81531, 78936, 81496, 80807, 82033, 79772, 75467],
"bestSolCosts":[72642.61555711082, 50329.602597588426, 49517.34013621944, 49090.9538032012, 48809.98356550386, 48548.75214101092, 48371.71959111178, 48235.354319842525, 48022.37044243872, 47901.797540302454, 47834.98097248424, 47784.91049812599, 47719.482490940194, 47661.60651246537, 47515.34628360803, 47482.583246322945, 47464.8871997886, 47448.27126255818, 47323.75209551104, 47292.385003469404, 47291.43106351126],
"helperTimes":[0, 0, 499, 1558, 1527, 1289, 969, 1257, 1504, 3252, 802, 2569, 1549, 2650, 804, 1681, 763, 948, 384, 985, 1608],
"regularTimes":[0, 60861, 56472, 48833, 55832, 51814, 55232, 56009, 52095, 46606, 55583, 53179, 56277, 48582, 56859, 52069, 56705, 54053, 53528, 54139, 32229],
"helperSuccessfuls":[0, 0, 0, 5, 2, 2, 10, 0, 12, 2, 7, 3, 12, 0, 15, 0, 4, 0, 1, 13, 0],
"helperTrieds":[0, 0, 301, 301, 301, 301, 301, 301, 301, 301, 301, 301, 301, 301, 64, 301, 120, 198, 73, 152, 301],
"regularSuccessfuls":[0, 1295, 133, 71, 72, 34, 45, 35, 39, 18, 15, 13, 7, 11, 33, 8, 3, 7, 8, 7, 2],
"regularTrieds":[0, 8050, 7162, 9123, 5873, 6249, 9332, 10652, 8819, 11635, 14243, 12490, 10510, 11697, 12049, 12122, 13701, 10666, 16111, 14143, 8372],
"helperImprovements":[0.0, 0.0, 0.0, 38.69252100128506, 1.6789665457908995, 1.4213472616829677, 13.195866772053705, 0.0, 39.56432996590593, 0.6709898516346584, 21.28677183347463, 2.128810797497863, 34.983373730574385, 0.0, 33.678281403379515, 0.0, 16.00436743530736, 0.0, 1.863270165544236, 17.199321791078546, 0.0],
"regularImprovements":[0.0, 28191.28613684165, 812.2624613689841, 387.69381201695796, 279.2912711515455, 259.81007723126095, 163.83668312708323, 136.36527126925648, 173.4195474379012, 119.90191228462936, 45.529795984737575, 47.94166356075584, 30.444633455219446, 57.87597847482539, 112.58194745396031, 32.763037285083556, 1.6916790990362642, 16.615937230424606, 122.65589688159525, 14.167770250554895, 0.9539399581408361],
"numWorkings":[0, 49, 50, 45, 49, 49, 47, 49, 49, 49, 46, 46, 47, 48, 50, 48, 50, 50, 50, 50, 9],
"totalWorkingTimes":[0, 3044533, 2877959, 2311620, 2824767, 2641225, 2655024, 2734445, 2640182, 2506271, 2611401, 2600319, 2706112, 2520719, 2915927, 2580278, 2915440, 2732114, 2676491, 2744773, 1640987]}