	ù{"problemName":"rc110_1.txt",
"populationK":1,
"lsRunTime":70000,
"addFirstNeighborhoods":true,
"numHelperNeighborhoods":300,
"numRounds":20,
"numMappers":200,
"roundLengths":[0, 97939, 101448, 77716, 83953, 79618, 78675, 77620, 80382, 78841, 85036, 83065, 79166, 80922, 80584, 79602, 80739, 101087, 78582, 77869, 78491],
"bestSolCosts":[69356.26562412061, 49581.67455579093, 48670.291077668146, 48201.86561250025, 48088.332470933674, 47949.43931095539, 47862.22733690812, 47726.87768263558, 47606.22502951435, 47555.615223550245, 47535.57670741081, 47517.922565045956, 47500.329022688245, 47472.30597459964, 47466.70188309982, 47459.110939120765, 47449.04029278182, 47445.087699482014, 47435.16114467754, 47404.108022494365, 47360.03868107794],
"helperTimes":[0, 0, 711, 1560, 678, 1388, 922, 1469, 2679, 2155, 2886, 1919, 1708, 7224, 4587, 474, 547, 863, 1320, 960, 935],
"regularTimes":[0, 61407, 58434, 53362, 55694, 51673, 56695, 52155, 46636, 54720, 54072, 53143, 53437, 49435, 39779, 55793, 56939, 51714, 54085, 57818, 54932],
"helperSuccessfuls":[0, 0, 1, 8, 0, 5, 0, 7, 0, 5, 1, 2, 1, 3, 0, 0, 0, 2, 1, 0, 1],
"helperTrieds":[0, 0, 301, 301, 301, 301, 301, 301, 301, 301, 301, 301, 301, 301, 301, 33, 43, 105, 301, 254, 301],
"regularSuccessfuls":[0, 1639, 155, 58, 40, 29, 24, 39, 23, 9, 13, 10, 6, 8, 1, 4, 8, 3, 7, 12, 4],
"regularTrieds":[0, 10320, 7448, 10425, 12262, 12596, 10951, 9870, 8127, 9734, 11255, 12844, 11364, 12654, 9491, 15842, 12446, 10278, 13944, 17903, 14873],
"helperImprovements":[0.0, 0.0, 0.3973440619811299, 24.452125349976995, 0.0, 15.614653656542941, 0.0, 22.008250698447227, 0.0, 4.6511076857714215, 2.0044947978894925, 4.4725195726859965, 0.5342513522118679, 6.554515276315215, 0.0, 0.0, 0.0, 0.405068951928115, 0.012300706490350422, 0.0, 0.5064533679105807],
"regularImprovements":[0.0, 36051.93512559643, 910.986134060804, 443.973339817916, 113.5331415665787, 123.27850632173795, 87.2119740472699, 113.34140357409342, 120.65265312122938, 45.95869827833667, 18.034021341547486, 13.181622792166308, 17.05929100549838, 21.468532812286867, 5.604091499822971, 7.590943979055737, 10.070646338943334, 3.5475243478795164, 9.91425409798103, 31.053122183177038, 43.56288804851647],
"numWorkings":[0, 197, 200, 198, 187, 194, 196, 192, 194, 193, 196, 197, 189, 193, 191, 200, 200, 200, 196, 200, 196],
"totalWorkingTimes":[0, 12221913, 11851944, 10814867, 10522718, 10451807, 11248073, 10297419, 9995133, 9981342, 11067368, 10755440, 10511760, 11071265, 8798954, 11186199, 11400363, 10766924, 10899802, 11729559, 10906050]}