û{"problemName":"rc110_1.txt",
"populationK":60,
"lsRunTime":70000,
"addFirstNeighborhoods":true,
"numHelperNeighborhoods":0,
"numRounds":20,
"numMappers":100,
"roundLengths":[0, 84249, 78683, 78333, 79621, 81972, 75806, 88433, 81814, 84386, 75883, 76862, 82109, 76592, 83703, 81590, 78777, 81904, 79959, 80048, 77843],
"bestSolCosts":[69451.86123283373, 50285.002192416156, 49212.535253141876, 48535.270803091575, 48399.50926870864, 48238.53102322243, 48108.72012531879, 48030.99827691128, 47804.32954400883, 47754.10877939176, 47688.93548230727, 47667.12989771184, 47539.321655544045, 47531.82259106682, 47515.089080292026, 47488.52637804781, 47473.53608617313, 47460.76863425308, 47447.081851694216, 47438.586254880334, 47436.30437453684],
"helperTimes":[0, 0, 23, 25, 29, 21, 35, 75, 27, 46, 64, 68, 466, 51, 56, 31, 30, 1178, 38, 26, 126],
"regularTimes":[0, 55868, 55357, 51550, 53923, 54586, 48993, 52079, 55491, 50994, 49284, 54927, 48570, 44447, 41274, 52409, 49599, 51295, 52566, 54359, 51779],
"helperSuccessfuls":[0, 0, 0, 0, 0, 0, 0, 0, 0, 0, 0, 0, 1, 0, 0, 0, 0, 0, 0, 0, 1],
"helperTrieds":[0, 0, 1, 1, 1, 1, 1, 1, 1, 1, 1, 1, 1, 1, 1, 1, 1, 1, 1, 1, 1],
"regularSuccessfuls":[0, 1314, 133, 97, 38, 45, 37, 16, 15, 16, 8, 8, 15, 5, 3, 6, 7, 2, 3, 11, 3],
"regularTrieds":[0, 7789, 2705, 3043, 7387, 6355, 6612, 9154, 9489, 5689, 6105, 8611, 6590, 6435, 4123, 6344, 7888, 7061, 7718, 7406, 7341],
"helperImprovements":[0.0, 0.0, 0.0, 0.0, 0.0, 0.0, 0.0, 0.0, 0.0, 0.0, 0.0, 0.0, 5.857440547544684, 0.0, 0.0, 0.0, 0.0, 0.0, 0.0, 0.0, 0.6987089860340348],
"regularImprovements":[0.0, 23143.854602934152, 1105.1240065370293, 677.2644500503011, 135.76153438293113, 186.80033675325103, 129.81089790364058, 77.7218484075056, 226.66873290244985, 50.220764617071836, 65.1732970844896, 21.805584595429536, 121.9508016202526, 7.499064477226057, 16.733510774793103, 26.562702244213142, 14.990291874681134, 12.767451920051826, 13.686782558863342, 8.495596813882003, 1.583171357458923],
"numWorkings":[0, 98, 100, 95, 96, 97, 100, 100, 100, 100, 97, 95, 100, 100, 99, 98, 99, 98, 100, 100, 99],
"totalWorkingTimes":[0, 5677247, 5551518, 5067955, 5250816, 5304962, 5016055, 5282370, 5537893, 5307708, 4789834, 5254182, 5351535, 4755160, 4516197, 5244520, 5045175, 5297520, 5325649, 5430808, 5271476]}