
{"problemName":"rc110_1.txt",
"populationK":1,
"lsRunTime":140000,
"addFirstNeighborhoods":true,
"numHelperNeighborhoods":0,
"numRounds":11,
"numMappers":500,
"roundLengths":[0, 168009, 149366, 148462, 148127, 154421, 158510, 147223, 154340, 150359, 148843, 150674],
"bestSolCosts":[69389.99713473085, 48587.765392120564, 48323.463527974985, 48069.65831495911, 47903.57564851295, 47681.322136035065, 47623.22238621676, 47582.41042281303, 47560.64282225731, 47542.86563654408, 47504.71786533009, 47472.44320080383],
"helperTimes":[0, 0, 35, 59, 30, 31, 35, 49, 39, 234, 28, 34],
"regularTimes":[0, 130891, 122417, 126066, 123833, 124407, 125294, 122828, 124231, 126206, 126651, 126159],
"helperSuccessfuls":[0, 0, 0, 0, 0, 0, 0, 0, 1, 1, 1, 0],
"helperTrieds":[0, 0, 1, 1, 1, 1, 1, 1, 1, 1, 1, 1],
"regularSuccessfuls":[0, 1569, 66, 79, 39, 49, 16, 13, 7, 9, 18, 18],
"regularTrieds":[0, 19036, 17731, 21883, 23991, 25773, 26881, 25904, 26275, 24429, 23947, 36254],
"helperImprovements":[0.0, 0.0, 0.0, 0.0, 0.0, 0.0, 0.0, 0.0, 0.20269593317789258, 0.5009173259022646, 3.1260828669401235, 0.0],
"regularImprovements":[0.0, 30476.185275266645, 264.3018641455783, 253.80521301587578, 166.0826664461565, 222.25351247788785, 58.09974981830601, 40.81196340372844, 21.564904622544418, 17.276268387329765, 35.02168834704935, 32.274664526259585],
"numWorkings":[0, 500, 500, 497, 500, 500, 495, 500, 497, 500, 489, 485],
"totalWorkingTimes":[0, 64816410, 62068954, 62348306, 61521177, 62964670, 61986674, 62191930, 62358587, 62644999, 60070077, 61311477]}