ø{"problemName":"rc110_1.txt",
"populationK":500,
"lsRunTime":70000,
"addFirstNeighborhoods":true,
"numHelperNeighborhoods":0,
"numRounds":20,
"numMappers":500,
"roundLengths":[0, 82012, 99661, 85214, 95613, 135632, 84585, 79500, 85724, 84554, 78226, 84548, 79567, 79510, 86581, 84546, 79534, 85540, 89534, 80494, 84534],
"bestSolCosts":[67441.43020539457, 49244.51538961545, 48807.90629447066, 48755.073072503044, 48725.817373908496, 48655.10522191073, 48538.106118825606, 48521.37503832577, 48518.56603876602, 48503.58426052124, 48414.82746889082, 48414.82746889082, 48387.130076615125, 48344.59077577281, 48307.310905854094, 48268.45729364724, 48232.58279333131, 48120.689339434575, 48095.8193907052, 48077.04028456364, 48070.99906435596],
"helperTimes":[0, 0, 20, 16, 27, 19, 31, 23, 33, 30, 19, 20, 27, 25, 26, 16, 27, 32, 19, 28, 22],
"regularTimes":[0, 61925, 60269, 60595, 60331, 58916, 57636, 61041, 59919, 59806, 56948, 57264, 53346, 60028, 59767, 58041, 60280, 59801, 60487, 60559, 60960],
"helperSuccessfuls":[0, 0, 0, 0, 0, 0, 0, 0, 0, 0, 0, 0, 0, 0, 0, 0, 0, 0, 0, 0, 0],
"helperTrieds":[0, 0, 1, 1, 1, 1, 1, 1, 1, 1, 1, 1, 1, 1, 1, 1, 1, 1, 1, 1, 1],
"regularSuccessfuls":[0, 1322, 130, 25, 18, 34, 39, 9, 5, 3, 38, 0, 25, 8, 16, 26, 11, 30, 15, 4, 8],
"regularTrieds":[0, 12616, 7887, 7793, 12535, 8920, 8778, 10986, 10406, 13793, 15899, 14377, 13313, 18148, 15491, 11923, 9941, 12092, 13040, 10616, 13142],
"helperImprovements":[0.0, 0.0, 0.0, 0.0, 0.0, 0.0, 0.0, 0.0, 0.0, 0.0, 0.0, 0.0, 0.0, 0.0, 0.0, 0.0, 0.0, 0.0, 0.0, 0.0, 0.0],
"regularImprovements":[0.0, 28401.881145664694, 436.60909514479135, 52.83322196761583, 29.25569859454845, 151.26196072861785, 116.99910308512335, 16.731080499834206, 2.8089995597547386, 14.98177824477898, 209.58712569216732, 0.0, 67.9687722965391, 42.539300842312514, 37.27986991871876, 91.8795236842343, 35.874500315927435, 111.8934538967369, 24.86994872937794, 18.77910614155553, 6.041220207684091],
"numWorkings":[0, 500, 500, 499, 495, 496, 500, 488, 498, 496, 499, 500, 498, 494, 496, 492, 500, 496, 500, 494, 496],
"totalWorkingTimes":[0, 31038418, 28257315, 28238300, 27933892, 28130729, 26979972, 26960512, 27625107, 27990032, 27836840, 26368809, 27124509, 27864474, 27370441, 27091118, 28074100, 27327482, 28331975, 27828197, 27597171]}