	{"problemName":"rc110_1.txt",
"populationK":200,
"lsRunTime":70000,
"addFirstNeighborhoods":true,
"numHelperNeighborhoods":0,
"numRounds":20,
"numMappers":200,
"roundLengths":[0, 91799, 84623, 81509, 123793, 86503, 89643, 84581, 95075, 89545, 80469, 80530, 83502, 83464, 80589, 89496, 104580, 81432, 79463, 80481, 80468],
"bestSolCosts":[67521.53735848222, 49849.25996171381, 49541.63714761079, 49317.93123452841, 48997.19862902952, 48903.204992337276, 48804.85735397337, 48719.96635263631, 48649.22837946614, 48551.98988825578, 48551.98988825578, 48519.48930976647, 48474.34383121309, 48434.52847078875, 48403.091547435324, 48402.1746327709, 48392.27140836544, 48377.270093570034, 48304.25426226521, 48302.975888333196, 48187.75158078693],
"helperTimes":[0, 0, 14, 19, 16, 74, 20, 27, 28, 14, 56, 26, 58, 74, 35, 17, 37, 32, 25, 22, 28],
"regularTimes":[0, 62354, 58714, 60811, 59394, 57996, 61138, 60831, 58392, 60842, 60055, 57572, 57950, 57564, 59495, 59886, 54882, 60159, 59302, 60945, 61263],
"helperSuccessfuls":[0, 0, 0, 0, 0, 0, 0, 0, 0, 0, 0, 0, 0, 0, 1, 0, 0, 0, 0, 0, 0],
"helperTrieds":[0, 0, 1, 1, 1, 1, 1, 1, 1, 1, 1, 1, 1, 1, 1, 1, 1, 1, 1, 1, 1],
"regularSuccessfuls":[0, 1270, 125, 64, 96, 61, 25, 17, 37, 19, 0, 7, 24, 21, 13, 2, 1, 11, 29, 1, 21],
"regularTrieds":[0, 9960, 6128, 8634, 11539, 4740, 10218, 11761, 10291, 11409, 14842, 13866, 9514, 12172, 16147, 15946, 15291, 18639, 10974, 11778, 13125],
"helperImprovements":[0.0, 0.0, 0.0, 0.0, 0.0, 0.0, 0.0, 0.0, 0.0, 0.0, 0.0, 0.0, 0.0, 0.0, 1.0072558743704576, 0.0, 0.0, 0.0, 0.0, 0.0, 0.0],
"regularImprovements":[0.0, 23022.643219469268, 444.49754440742254, 223.70591308237636, 345.83479832198645, 266.3959308480844, 98.3476383639063, 84.89100133706233, 222.8437058114214, 97.23849121035892, 0.0, 32.50057848931465, 173.68018740387924, 112.22890870597621, 30.429667479053023, 0.9169146644271677, 9.903224405454239, 15.001314795408689, 116.17527028761833, 1.2783739320148015, 115.22430754626839],
"numWorkings":[0, 195, 200, 195, 200, 198, 199, 200, 193, 196, 196, 199, 200, 184, 195, 199, 192, 195, 196, 200, 199],
"totalWorkingTimes":[0, 12301570, 11837929, 11392093, 11939071, 11601315, 11720826, 11570926, 11398048, 11602923, 11281181, 11364983, 11722326, 10738258, 11235852, 11592248, 10274465, 11245682, 11575244, 11725474, 11671230]}