	{"problemName":"rc110_1.txt",
"populationK":80,
"lsRunTime":70000,
"addFirstNeighborhoods":true,
"numHelperNeighborhoods":0,
"numRounds":20,
"numMappers":100,
"roundLengths":[0, 102913, 94186, 83673, 78134, 85179, 80223, 78786, 88716, 77717, 81332, 79885, 89646, 81122, 83361, 82064, 82007, 80013, 82615, 79594, 84509],
"bestSolCosts":[68907.79465445058, 49888.526160889916, 49435.8064677786, 49095.11504088504, 48962.123422361736, 48877.583231498735, 48795.49918679701, 48668.70655796304, 48577.57180793681, 48500.61911521385, 48358.593187420614, 48239.60456733909, 48169.72647418613, 48140.832016517656, 48065.879126912434, 48026.647128176686, 47990.83122640297, 47897.317958208965, 47873.89355316543, 47840.33957566999, 47733.122564227364],
"helperTimes":[0, 0, 19, 23, 36, 42, 69, 94, 56, 40, 23, 66, 70, 30, 42, 316, 150, 180, 117, 34, 84],
"regularTimes":[0, 61599, 56398, 49109, 52506, 53665, 52345, 55217, 50439, 54682, 59992, 54749, 56016, 55156, 54840, 46980, 47852, 54813, 53167, 60359, 57544],
"helperSuccessfuls":[0, 0, 0, 0, 0, 0, 0, 0, 0, 0, 0, 0, 0, 0, 0, 1, 0, 1, 1, 0, 1],
"helperTrieds":[0, 0, 1, 1, 1, 1, 1, 1, 1, 1, 1, 1, 1, 1, 1, 1, 1, 1, 1, 1, 1],
"regularSuccessfuls":[0, 1457, 85, 58, 26, 26, 15, 24, 26, 20, 45, 16, 19, 19, 20, 6, 4, 23, 7, 8, 38],
"regularTrieds":[0, 12413, 9057, 5022, 9285, 8478, 6707, 7977, 8175, 7194, 9426, 4390, 10042, 8230, 8596, 7157, 5454, 9798, 8096, 8538, 4851],
"helperImprovements":[0.0, 0.0, 0.0, 0.0, 0.0, 0.0, 0.0, 0.0, 0.0, 0.0, 0.0, 0.0, 0.0, 0.0, 0.0, 22.524703701448743, 0.0, 0.19321364189090673, 5.04430871133809, 0.0, 2.841565419876133],
"regularImprovements":[0.0, 26649.629038281753, 452.719693111314, 340.6914268935652, 132.99161852330144, 84.54019086300104, 89.81313279186725, 126.79262883396586, 98.1369166381919, 76.95269272295991, 142.0259277932346, 118.98862008152355, 69.87809315296181, 78.93041579618875, 74.95288960522157, 16.707295034299023, 35.815901773719816, 93.32005455211038, 18.380096332199173, 33.55397749543772, 104.37544602275011],
"numWorkings":[0, 98, 100, 100, 96, 100, 99, 97, 96, 98, 96, 100, 100, 99, 97, 100, 93, 94, 97, 91, 100],
"totalWorkingTimes":[0, 6124185, 5725258, 5335588, 5007529, 5254468, 5025139, 5507628, 4947976, 5167353, 5558170, 5544737, 5627979, 5547887, 5420255, 4947190, 4480059, 5165892, 5252594, 4302278, 5597037]}