í{"problemName":"rc110_1.txt",
"populationK":80,
"lsRunTime":70000,
"addFirstNeighborhoods":true,
"numHelperNeighborhoods":0,
"numRounds":20,
"numMappers":100,
"roundLengths":[0, 92842, 96293, 79668, 80137, 77161, 82165, 83908, 75640, 77579, 79470, 75576, 75930, 90715, 79563, 75621, 73780, 75719, 80288, 84051, 81508],
"bestSolCosts":[69128.67838555535, 49808.405611635586, 49031.68466111493, 48673.74930268874, 48481.63927560611, 48291.49648597805, 48115.46057889704, 47979.97111526535, 47892.95271141513, 47786.05695422443, 47718.10903328114, 47684.05957133541, 47662.491847645215, 47642.036451768254, 47607.70301806006, 47582.71934137119, 47551.119745931035, 47524.80194886869, 47515.10397918145, 47505.614204225996, 47495.46888153359],
"helperTimes":[0, 0, 20, 50, 70, 138, 46, 23, 76, 101, 34, 35, 70, 24, 25, 39, 69, 35, 28, 33, 48],
"regularTimes":[0, 60792, 57036, 50330, 51833, 48579, 57018, 55504, 54645, 53986, 54913, 48910, 54612, 56949, 53383, 53841, 54795, 55533, 56691, 60529, 56938],
"helperSuccessfuls":[0, 0, 0, 0, 0, 0, 0, 0, 0, 0, 0, 0, 1, 0, 0, 0, 0, 0, 0, 0, 0],
"helperTrieds":[0, 0, 1, 1, 1, 1, 1, 1, 1, 1, 1, 1, 1, 1, 1, 1, 1, 1, 1, 1, 1],
"regularSuccessfuls":[0, 1546, 96, 79, 33, 46, 42, 17, 34, 26, 25, 7, 8, 9, 10, 13, 4, 17, 9, 7, 4],
"regularTrieds":[0, 9374, 3136, 3857, 6257, 9177, 12331, 10192, 6806, 5073, 8872, 7947, 8889, 12285, 8411, 9138, 9045, 7207, 10681, 11806, 9627],
"helperImprovements":[0.0, 0.0, 0.0, 0.0, 0.0, 0.0, 0.0, 0.0, 0.0, 0.0, 0.0, 0.0, 6.387581032628077, 0.0, 0.0, 0.0, 0.0, 0.0, 0.0, 0.0, 0.0],
"regularImprovements":[0.0, 22467.670755354113, 776.7209505206556, 357.93535842619167, 192.11002708262822, 240.21103921777103, 176.03590708101547, 135.48946363168943, 115.26843330039992, 106.89575719070126, 67.94792094329023, 34.04946194572403, 15.180142657569377, 20.45539587696112, 48.64005657846428, 24.983676688876585, 31.59959544015146, 26.317797062343743, 9.69796968724404, 9.48977495545114, 10.145322692405898],
"numWorkings":[0, 100, 100, 100, 97, 100, 100, 94, 94, 100, 100, 95, 95, 98, 90, 94, 95, 92, 100, 99, 100],
"totalWorkingTimes":[0, 6182854, 5716270, 5142623, 5026555, 5279527, 5698535, 5184944, 5257506, 5370625, 5544515, 4700015, 5243919, 5498948, 4863971, 5107644, 5304568, 4976321, 5646231, 5416260, 5376065]}