û{"problemName":"rc110_1.txt",
"populationK":60,
"lsRunTime":70000,
"addFirstNeighborhoods":true,
"numHelperNeighborhoods":0,
"numRounds":20,
"numMappers":100,
"roundLengths":[0, 83027, 78938, 87680, 84147, 80599, 78772, 80178, 77313, 80588, 76470, 83594, 81930, 71796, 83606, 80639, 77621, 79873, 74487, 83714, 79473],
"bestSolCosts":[68458.91452939021, 50049.452070019826, 49512.28459717939, 49288.25083287447, 49088.88372752321, 48903.42158284621, 48786.474006478704, 48618.142014305624, 48454.15211267657, 48343.973942888726, 48240.46826067453, 48096.125388094995, 47975.08651031865, 47941.266715897655, 47907.623747133446, 47818.01210363733, 47806.41885314723, 47798.9642054689, 47794.06278621912, 47786.377044693625, 47762.88948594729],
"helperTimes":[0, 0, 19, 58, 31, 32, 33, 41, 19, 562, 31, 33, 32, 38, 37, 47, 30, 52, 32, 32, 52],
"regularTimes":[0, 63189, 56417, 54152, 52973, 52486, 55276, 55838, 53174, 53934, 54773, 50427, 53612, 52945, 50122, 55270, 51341, 55011, 54489, 56183, 56817],
"helperSuccessfuls":[0, 0, 0, 0, 0, 0, 0, 0, 0, 0, 0, 0, 0, 0, 0, 0, 0, 1, 1, 0, 0],
"helperTrieds":[0, 0, 1, 1, 1, 1, 1, 1, 1, 1, 1, 1, 1, 1, 1, 1, 1, 1, 1, 1, 1],
"regularSuccessfuls":[0, 1457, 117, 73, 52, 41, 25, 39, 27, 18, 27, 40, 15, 21, 9, 17, 9, 4, 5, 3, 3],
"regularTrieds":[0, 9634, 3787, 6554, 8811, 6019, 10635, 8851, 7501, 2593, 5585, 10994, 8741, 7506, 7223, 9493, 8759, 11000, 8931, 10297, 8645],
"helperImprovements":[0.0, 0.0, 0.0, 0.0, 0.0, 0.0, 0.0, 0.0, 0.0, 0.0, 0.0, 0.0, 0.0, 0.0, 0.0, 0.0, 0.0, 2.8079491140379105, 0.9861702159541892, 0.0, 0.0],
"regularImprovements":[0.0, 23796.43372160974, 687.8150834465196, 365.7952227327405, 199.36710535126622, 185.4621446769961, 116.94757636750728, 168.33199217307993, 163.98990162905102, 110.17816978784685, 103.50568221419962, 157.42933666791942, 121.03887777634372, 33.819794420996914, 33.64296876420849, 127.86883786239196, 11.593250490099308, 4.646698564291, 11.36989671215997, 7.685741525492631, 23.48755874633207],
"numWorkings":[0, 100, 100, 99, 98, 100, 100, 93, 98, 97, 95, 99, 99, 95, 94, 100, 100, 98, 94, 100, 97],
"totalWorkingTimes":[0, 6235395, 5723711, 5351844, 5182475, 5252743, 5523984, 5180836, 5222810, 5421583, 5246162, 5125132, 5372199, 5083710, 4882852, 5455691, 5300979, 5340498, 4886578, 5530445, 5514850]}