	"{"problemName":"rc110_1.txt",
"populationK":60,
"lsRunTime":70000,
"addFirstNeighborhoods":true,
"numHelperNeighborhoods":0,
"numRounds":20,
"numMappers":100,
"roundLengths":[0, 127990, 77915, 87950, 88203, 83731, 100657, 75290, 85598, 92710, 95158, 95153, 79169, 86695, 88811, 98989, 103783, 95340, 92580, 88946, 77555],
"bestSolCosts":[69604.35898757681, 49952.15834236585, 49343.87165415485, 48973.49115447834, 48845.316558644256, 48656.93000435027, 48462.28691210776, 48379.28712099387, 48309.42690486684, 48250.52792324292, 48222.00347524734, 48162.8767436779, 48103.756015578525, 48060.52551698923, 48031.648006677635, 48005.46122631512, 47965.60779361991, 47952.54053645004, 47934.414300077, 47921.31577616107, 47894.785277180024],
"helperTimes":[0, 0, 21, 25, 26, 163, 31, 15, 19, 26, 49, 84, 22, 34, 22, 45, 34, 40, 126, 34, 28],
"regularTimes":[0, 63541, 53060, 49651, 52261, 49121, 56827, 55714, 56322, 56372, 50414, 52280, 56187, 60837, 55469, 54077, 50136, 27433, 54554, 52664, 58408],
"helperSuccessfuls":[0, 0, 0, 0, 0, 0, 0, 0, 1, 0, 0, 0, 0, 0, 0, 1, 0, 1, 0, 1, 1],
"helperTrieds":[0, 0, 1, 1, 1, 1, 1, 1, 1, 1, 1, 1, 1, 1, 1, 1, 1, 1, 1, 1, 1],
"regularSuccessfuls":[0, 1482, 113, 60, 31, 33, 50, 19, 21, 16, 10, 14, 9, 7, 9, 5, 5, 5, 5, 4, 10],
"regularTrieds":[0, 9760, 2541, 7717, 4773, 6618, 5425, 7802, 12304, 6390, 8217, 8907, 8834, 7811, 6554, 4629, 6677, 2523, 5562, 8008, 10796],
"helperImprovements":[0.0, 0.0, 0.0, 0.0, 0.0, 0.0, 0.0, 0.0, 1.0291850719295326, 0.0, 0.0, 0.0, 0.0, 0.0, 0.0, 11.054331163453753, 0.0, 3.4924696721864166, 0.0, 1.0455603736336343, 1.0455603736336343],
"regularImprovements":[0.0, 22326.36355946889, 608.2866882110029, 370.3804996765102, 128.17459583408345, 188.38655429398204, 233.6067799246157, 82.99979111389257, 68.83103105509508, 63.632770719821565, 28.524447995579976, 59.126731569434924, 59.12072809937672, 43.23049858929153, 28.8775103115986, 17.688165753672365, 39.853432695213996, 9.574787497680518, 18.126236373042047, 12.052963542293583, 38.58346252334013],
"numWorkings":[0, 100, 100, 100, 98, 98, 96, 94, 100, 98, 96, 99, 100, 100, 97, 99, 96, 22, 94, 99, 100],
"totalWorkingTimes":[0, 6264249, 5361399, 4787823, 5242613, 5163271, 5500669, 5237574, 5660774, 5614120, 5083610, 5204570, 5662498, 5639092, 5424070, 5538173, 5016997, 2967038, 5232934, 5488377, 5857816]}