	Ž{"problemName":"rc110_1.txt",
"populationK":100,
"lsRunTime":70000,
"addFirstNeighborhoods":true,
"numHelperNeighborhoods":300,
"numRounds":20,
"numMappers":100,
"roundLengths":[0, 89048, 79708, 77722, 87694, 75666, 79674, 79126, 90676, 84664, 80646, 77675, 74669, 76666, 80653, 79682, 85656, 79661, 79350, 80634, 79687],
"bestSolCosts":[68886.3810008363, 49572.60544618833, 49331.56207552056, 49108.28728780734, 49067.02145742523, 48906.38045664183, 48853.96822786497, 48812.200666545505, 48797.872961433146, 48795.0793678062, 48777.52973430938, 48697.456188486794, 48696.361113215185, 48696.361113215185, 48640.94384749907, 48616.60595103341, 48557.70291522494, 48429.74153925313, 48368.96673596404, 48351.25505941315, 48298.25515786471],
"helperTimes":[0, 0, 455, 749, 988, 1015, 931, 1049, 2008, 2406, 1112, 1017, 313, 278, 906, 1022, 940, 1147, 782, 891, 778],
"regularTimes":[0, 62335, 58442, 59782, 57067, 58502, 58091, 59663, 58606, 55080, 51886, 57699, 0, 0, 57443, 55259, 59215, 57648, 56779, 59747, 59908],
"helperSuccessfuls":[0, 0, 0, 2, 1, 0, 0, 0, 0, 2, 4, 3, 1, 0, 1, 0, 0, 4, 1, 0, 1],
"helperTrieds":[0, 0, 301, 301, 301, 301, 301, 301, 301, 301, 301, 301, 301, 301, 301, 301, 301, 301, 301, 301, 301],
"regularSuccessfuls":[0, 1395, 115, 42, 38, 24, 11, 20, 9, 3, 20, 19, 0, 0, 13, 6, 12, 11, 11, 7, 20],
"regularTrieds":[0, 10164, 5879, 9604, 10039, 15651, 15779, 18369, 15126, 15173, 12107, 12910, 0, 0, 13708, 14889, 14227, 11647, 10874, 13012, 12913],
"helperImprovements":[0.0, 0.0, 0.0, 1.9895766874760739, 3.7499180110171437, 0.0, 0.0, 0.0, 0.0, 24.783191514128703, 16.114448519831058, 17.048443791703903, 1.0950752716089482, 0.0, 0.19999782064405736, 0.0, 0.0, 112.12417086053028, 1.2260627964569721, 0.0, 1.3291662551637273],
"regularImprovements":[0.0, 24010.975822002903, 340.9958261894717, 221.2852110257445, 226.67808857757336, 300.1373616757264, 52.41222877686232, 41.76756131946604, 14.327705112358672, 5.631887512012327, 68.67423886305914, 63.02510203087877, 0.0, 0.0, 55.217267895473924, 24.33789646565856, 58.90303580847103, 21.371264763947693, 59.5487404926389, 17.711676550883567, 51.670735293278995],
"numWorkings":[0, 100, 100, 18, 92, 94, 95, 96, 94, 98, 96, 91, 95, 94, 96, 96, 97, 92, 98, 99, 98],
"totalWorkingTimes":[0, 6183109, 5924884, 3535859, 5372878, 5624160, 5386511, 5662190, 5527168, 5669798, 5169834, 5180084, 5273910, 5442944, 5557802, 5463035, 5663484, 5429776, 5632946, 5755352, 5753612]}