æ{"problemName":"rc110_1.txt",
"populationK":80,
"lsRunTime":70000,
"addFirstNeighborhoods":true,
"numHelperNeighborhoods":0,
"numRounds":20,
"numMappers":100,
"roundLengths":[0, 95859, 84742, 86767, 80820, 82709, 80651, 77796, 78767, 79985, 92070, 81861, 80711, 86706, 86620, 81798, 81808, 78437, 80342, 80400, 82586],
"bestSolCosts":[68222.3415858473, 49741.88160083539, 48942.123926980545, 48578.33312562312, 48377.807093931755, 48258.277650070166, 48039.7753320842, 47962.37480342623, 47899.21123437661, 47817.23646491129, 47679.24549696002, 47635.88170302458, 47627.55277855665, 47605.82613168476, 47583.47235057788, 47534.535921702496, 47426.0365187454, 47403.195281462875, 47383.59333002051, 47367.91439612024, 47334.583936560884],
"helperTimes":[0, 0, 43, 60, 34, 25, 32, 70, 41, 284, 26, 21, 56, 24, 28, 24, 41, 272, 62, 37, 22],
"regularTimes":[0, 58569, 53044, 50711, 53994, 48112, 49455, 52039, 53069, 52876, 55774, 49364, 53519, 53289, 52284, 35153, 48143, 51894, 48823, 44040, 53496],
"helperSuccessfuls":[0, 0, 0, 0, 0, 0, 0, 0, 0, 0, 0, 0, 0, 0, 0, 0, 0, 0, 1, 0, 0],
"helperTrieds":[0, 0, 1, 1, 1, 1, 1, 1, 1, 1, 1, 1, 1, 1, 1, 1, 1, 1, 1, 1, 1],
"regularSuccessfuls":[0, 1399, 161, 99, 66, 29, 33, 22, 19, 29, 31, 18, 3, 9, 3, 8, 25, 5, 3, 5, 18],
"regularTrieds":[0, 8019, 4889, 3983, 7182, 6547, 7093, 5801, 10846, 6633, 6355, 6616, 7129, 9399, 8799, 3467, 7150, 8046, 6371, 7105, 9672],
"helperImprovements":[0.0, 0.0, 0.0, 0.0, 0.0, 0.0, 0.0, 0.0, 0.0, 0.0, 0.0, 0.0, 0.0, 0.0, 0.0, 0.0, 0.0, 0.0, 1.615385940298438, 0.0, 0.0],
"regularImprovements":[0.0, 24175.197398475997, 799.757673854845, 363.790801357427, 200.52603169136273, 119.52944386158924, 370.35046984285873, 77.40052865797043, 63.16356904961867, 124.83906728425791, 137.99096795127116, 43.363793935444846, 8.32892446792539, 21.726646871895355, 22.35378110687452, 87.49104397762858, 108.4994029570953, 51.13595642799919, 17.986565502069425, 15.678933900264383, 58.85837524252565],
"numWorkings":[0, 99, 100, 100, 97, 95, 100, 100, 94, 100, 100, 98, 99, 99, 100, 44, 99, 100, 100, 99, 100],
"totalWorkingTimes":[0, 5826979, 5287686, 5182911, 5215733, 4593423, 5022002, 5290253, 4945460, 5299059, 5515676, 4895227, 5314723, 5333065, 5241280, 3630108, 4806410, 5296088, 4958422, 4523390, 5381987]}