		{"problemName":"rc110_1.txt",
"populationK":90,
"lsRunTime":70000,
"addFirstNeighborhoods":true,
"numHelperNeighborhoods":0,
"numRounds":20,
"numMappers":100,
"roundLengths":[0, 90852, 90284, 123793, 79174, 97192, 78873, 76595, 92617, 80468, 84759, 89782, 79116, 86561, 110923, 80751, 79269, 82485, 84726, 76499, 79992],
"bestSolCosts":[68635.03042267317, 49974.75374490628, 49395.97581713772, 49054.355860212825, 48855.17351979108, 48717.15976145214, 48584.13238211549, 48515.72481088263, 48409.816133100714, 48310.527185542, 48271.24022528152, 48259.25505550408, 48177.15824402838, 48166.51578846674, 48147.847476991454, 48138.897751484095, 48111.64590315275, 48096.17971740246, 48076.491848361366, 48072.32300554887, 48027.693093882444],
"helperTimes":[0, 0, 14, 17, 349, 20, 117, 43, 107, 24, 89, 21, 34, 16, 64, 37, 67, 83, 25, 42, 22],
"regularTimes":[0, 62399, 62472, 34991, 54844, 52889, 50887, 53496, 52727, 56108, 47638, 54614, 51864, 52807, 50180, 56580, 55374, 50868, 53605, 50531, 55327],
"helperSuccessfuls":[0, 0, 0, 0, 0, 0, 1, 0, 0, 0, 0, 0, 0, 0, 0, 1, 1, 0, 0, 0, 0],
"helperTrieds":[0, 0, 1, 1, 1, 1, 1, 1, 1, 1, 1, 1, 1, 1, 1, 1, 1, 1, 1, 1, 1],
"regularSuccessfuls":[0, 1267, 82, 71, 49, 42, 34, 39, 19, 23, 9, 6, 16, 5, 11, 11, 10, 4, 10, 1, 13],
"regularTrieds":[0, 6812, 1364, 1785, 1813, 1196, 5023, 5369, 6080, 7192, 5728, 7896, 6505, 6350, 7131, 7067, 6612, 8399, 6048, 9545, 6860],
"helperImprovements":[0.0, 0.0, 0.0, 0.0, 0.0, 0.0, 0.10075194577802904, 0.0, 0.0, 0.0, 0.0, 0.0, 0.0, 0.0, 0.0, 2.3130033648194512, 3.977805667782377, 0.0, 0.0, 0.0, 0.0],
"regularImprovements":[0.0, 24045.12471596073, 578.7779277685622, 341.6199569248929, 305.53187470584817, 138.01375833894417, 132.92662739087245, 68.40757123285584, 105.9086777819175, 99.28894755871443, 39.28696026047692, 11.985169777442934, 82.0968114756979, 10.642455561639508, 18.668311475288647, 22.787842174526304, 23.274042663564614, 15.466185750286968, 19.687869041095837, 4.168842812498042, 61.38660187203641],
"numWorkings":[0, 98, 100, 38, 95, 100, 92, 97, 99, 100, 98, 100, 99, 100, 97, 95, 100, 99, 100, 95, 100],
"totalWorkingTimes":[0, 6076416, 5552030, 3986267, 5275571, 5442667, 4923270, 5240769, 5449926, 5669833, 4802338, 5457550, 5252774, 5325738, 5146387, 5360350, 5586625, 5198194, 5472920, 4789296, 5599927]}