	{"problemName":"rc110_1.txt",
"populationK":90,
"lsRunTime":70000,
"addFirstNeighborhoods":true,
"numHelperNeighborhoods":0,
"numRounds":20,
"numMappers":100,
"roundLengths":[0, 106998, 82671, 81182, 80147, 80604, 80763, 80602, 92894, 90927, 78605, 90928, 84003, 84366, 88185, 83945, 84098, 93534, 87712, 77647, 82837],
"bestSolCosts":[69991.25206461527, 49676.57239835013, 49111.76792473905, 48826.465473680284, 48599.9728265787, 48502.724404997585, 48429.342840939215, 48373.176858189, 48279.72502758754, 48251.84985104904, 48230.81471732109, 48209.67330248565, 48168.5978111812, 48128.7885261014, 48119.0343578258, 48084.1336372549, 48042.0267222672, 48022.988856805634, 48005.03163700161, 47923.03219412235, 47867.82609810014],
"helperTimes":[0, 0, 19, 54, 28, 68, 66, 23, 76, 31, 58, 44, 36, 76, 47, 47, 74, 39, 201, 81, 59],
"regularTimes":[0, 60868, 47308, 50738, 52481, 39802, 46680, 51342, 47157, 51827, 50529, 54741, 56320, 53084, 44789, 53946, 56561, 55115, 45022, 55018, 56527],
"helperSuccessfuls":[0, 0, 0, 0, 0, 0, 0, 0, 0, 0, 1, 0, 1, 1, 0, 1, 0, 1, 0, 0, 0],
"helperTrieds":[0, 0, 1, 1, 1, 1, 1, 1, 1, 1, 1, 1, 1, 1, 1, 1, 1, 1, 1, 1, 1],
"regularSuccessfuls":[0, 1432, 98, 51, 56, 34, 12, 11, 14, 5, 9, 8, 2, 6, 4, 6, 5, 5, 3, 13, 17],
"regularTrieds":[0, 9004, 3599, 5397, 7799, 3773, 5514, 5135, 4171, 7497, 4100, 8467, 6537, 5253, 6681, 5895, 5945, 9097, 6495, 8932, 8225],
"helperImprovements":[0.0, 0.0, 0.0, 0.0, 0.0, 0.0, 0.0, 0.0, 0.0, 0.0, 10.932276498249848, 0.0, 37.90025208548468, 37.90025208548468, 0.0, 46.587639685254544, 0.0, 0.35366611687641125, 0.0, 0.0, 0.0],
"regularImprovements":[0.0, 25340.860784607437, 564.8044736110824, 285.30245105876384, 226.49264710158604, 97.24842158111278, 73.38156405837071, 103.02868855273118, 105.90278910673806, 27.875176538502274, 27.242928193118132, 50.51470478581905, 21.983946115666186, 50.01439061889687, 9.754168275598204, 19.755374565495003, 42.10691498770029, 18.68419934468693, 24.571769087255234, 81.9994428792561, 55.206096022215206],
"numWorkings":[0, 100, 100, 100, 100, 96, 100, 100, 100, 99, 97, 97, 100, 100, 99, 100, 100, 99, 100, 97, 96],
"totalWorkingTimes":[0, 6251087, 4891146, 5097968, 5338056, 4043578, 4699965, 5122236, 4834887, 5188739, 5101024, 5431852, 5628687, 5450644, 4601453, 5443050, 5734291, 5474505, 4577204, 5032694, 5479463]}