	{"problemName":"rc110_1.txt",
"populationK":90,
"lsRunTime":70000,
"addFirstNeighborhoods":true,
"numHelperNeighborhoods":0,
"numRounds":20,
"numMappers":100,
"roundLengths":[0, 93994, 78917, 80930, 85152, 91591, 85832, 82883, 78913, 82617, 80338, 82147, 79797, 82703, 79542, 81706, 80956, 79532, 84519, 78932, 82346],
"bestSolCosts":[68907.79465445058, 50244.81080301541, 49760.37069149427, 49357.60655967002, 49199.253463059074, 48994.63899683451, 48874.512690277275, 48773.630317833646, 48752.01507005878, 48688.57912143163, 48631.45225810848, 48576.04340527229, 48534.68330796272, 48515.16679649364, 48480.79153828261, 48460.69433599433, 48420.359689914054, 48380.5879635946, 48360.70014784134, 48329.20441518437, 48273.038033673525],
"helperTimes":[0, 0, 54, 39, 49, 50, 239, 30, 22, 38, 33, 34, 33, 56, 57, 35, 25, 26, 114, 176, 35],
"regularTimes":[0, 61328, 47940, 45707, 56017, 35124, 51148, 58820, 51168, 55299, 44130, 56467, 55361, 48049, 54611, 50110, 56701, 52355, 57656, 53258, 54477],
"helperSuccessfuls":[0, 0, 0, 0, 0, 0, 1, 0, 0, 0, 0, 1, 0, 0, 0, 0, 0, 0, 0, 1, 1],
"helperTrieds":[0, 0, 1, 1, 1, 1, 1, 1, 1, 1, 1, 1, 1, 1, 1, 1, 1, 1, 1, 1, 1],
"regularSuccessfuls":[0, 1350, 93, 64, 39, 29, 15, 20, 11, 37, 15, 18, 10, 7, 22, 7, 15, 6, 10, 4, 6],
"regularTrieds":[0, 9618, 3277, 2933, 8168, 3594, 4918, 8274, 6636, 6485, 6135, 7700, 9517, 7528, 7855, 8401, 8393, 7237, 11397, 6758, 6412],
"helperImprovements":[0.0, 0.0, 0.0, 0.0, 0.0, 0.0, 10.50381049648422, 0.0, 0.0, 0.0, 0.0, 0.2748184585070703, 0.0, 0.0, 0.0, 0.0, 0.0, 0.0, 0.0, 46.875601008439844, 2.3284270722069778],
"regularImprovements":[0.0, 22069.272240829785, 484.440111521144, 427.78125928466034, 158.35309661094652, 204.61446622456424, 109.62249606075056, 100.88237244362972, 21.615247774869204, 133.96813097718405, 57.12686332314479, 55.13403437768284, 139.80935594681796, 19.51651146907534, 48.86336571798893, 20.097202288277913, 57.66055734282418, 39.77172631945723, 19.88781575325993, 22.946327573081362, 53.837954438640736],
"numWorkings":[0, 100, 100, 93, 99, 93, 99, 100, 99, 100, 97, 100, 99, 98, 100, 92, 100, 98, 98, 100, 99],
"totalWorkingTimes":[0, 6184030, 4898420, 4369519, 5564327, 3838234, 5145932, 5563994, 5073768, 5588326, 4397017, 5707360, 5504065, 4876294, 5483557, 4758521, 5650281, 5136993, 5630520, 5527487, 5430712]}