õ{"problemName":"rc110_1.txt",
"populationK":90,
"lsRunTime":70000,
"addFirstNeighborhoods":true,
"numHelperNeighborhoods":0,
"numRounds":20,
"numMappers":100,
"roundLengths":[0, 95981, 84655, 87028, 76357, 86720, 78553, 81663, 78865, 83915, 79586, 80926, 80686, 83604, 96272, 91780, 81268, 100544, 76699, 79560, 80489],
"bestSolCosts":[69454.09869559707, 50092.038518388865, 49604.96934300251, 49302.9465515727, 49045.60889245547, 48761.99292947771, 48651.38428657952, 48477.106367296765, 48333.674553736164, 48286.14208332573, 48249.48039624589, 48061.81496886, 48002.077459101725, 47985.23597605962, 47951.209757561955, 47905.88882362056, 47887.56685864736, 47870.29425327179, 47837.43968562247, 47810.36700506926, 47797.74558674296],
"helperTimes":[0, 0, 33, 28, 21, 57, 41, 40, 33, 28, 24, 24, 39, 42, 22, 33, 30, 62, 30, 387, 27],
"regularTimes":[0, 61466, 54130, 44542, 51828, 49376, 49449, 52277, 53080, 57704, 51352, 53339, 52410, 49775, 55285, 52392, 60714, 57416, 45218, 51693, 60109],
"helperSuccessfuls":[0, 0, 0, 0, 0, 0, 0, 0, 0, 0, 0, 0, 0, 0, 0, 0, 1, 0, 0, 1, 0],
"helperTrieds":[0, 0, 1, 1, 1, 1, 1, 1, 1, 1, 1, 1, 1, 1, 1, 1, 1, 1, 1, 1, 1],
"regularSuccessfuls":[0, 1339, 85, 80, 59, 47, 15, 35, 40, 18, 13, 32, 18, 24, 10, 9, 1, 2, 9, 9, 3],
"regularTrieds":[0, 6355, 2798, 6499, 5531, 6751, 6696, 6073, 9719, 10493, 8574, 8587, 9756, 8292, 6060, 10064, 5973, 10402, 8874, 7826, 13406],
"helperImprovements":[0.0, 0.0, 0.0, 0.0, 0.0, 0.0, 0.0, 0.0, 0.0, 0.0, 0.0, 0.0, 0.0, 0.0, 0.0, 0.0, 17.92370334044972, 0.0, 0.0, 7.402333924823324, 0.0],
"regularImprovements":[0.0, 25038.80492366672, 487.06917538635753, 302.0227914298084, 257.3376591172273, 337.4501161809021, 110.6086428981871, 210.64008046477102, 143.43181356060086, 47.53247041043505, 36.661687079838885, 187.6654273858876, 59.737509758277156, 69.14081434519903, 34.02621849766729, 45.3209339413952, 0.39826163274847204, 17.272605375568673, 82.25883860731119, 19.67034662838705, 12.621418326300045],
"numWorkings":[0, 99, 100, 97, 96, 95, 98, 96, 100, 100, 100, 100, 98, 99, 100, 100, 100, 99, 97, 97, 100],
"totalWorkingTimes":[0, 6148392, 5462901, 4351656, 5176364, 4931954, 4900886, 5122752, 5376421, 5851573, 5186564, 5377736, 5159874, 4922312, 5549621, 5280671, 5640093, 5719042, 4486789, 5135702, 5721328]}