î{"problemName":"rc110_1.txt",
"populationK":95,
"lsRunTime":70000,
"addFirstNeighborhoods":true,
"numHelperNeighborhoods":0,
"numRounds":20,
"numMappers":100,
"roundLengths":[0, 103053, 145824, 79128, 82757, 80615, 93920, 90664, 82896, 89858, 89676, 81082, 79550, 79860, 79934, 84095, 106565, 78690, 79947, 76531, 80531],
"bestSolCosts":[68635.03042267317, 50366.35710066587, 49916.207033527455, 49550.6921974619, 49302.198886329556, 49162.50880221896, 49020.20137787907, 48920.813163665276, 48908.173447063535, 48882.67544467435, 48840.87177258683, 48792.28796186107, 48776.67727842468, 48512.99054122773, 48482.7743972282, 48472.742725204866, 48457.58584835091, 48451.32603218872, 48408.75383546454, 48390.70760154814, 48356.10677960658],
"helperTimes":[0, 0, 31, 46, 48, 49, 51, 58, 21, 59, 64, 46, 29, 33, 23, 97, 66, 27, 29, 32, 33],
"regularTimes":[0, 64631, 56515, 50407, 57810, 57906, 57582, 56144, 55831, 53895, 47678, 52454, 56393, 52794, 54410, 55417, 55552, 46470, 51924, 53616, 54917],
"helperSuccessfuls":[0, 0, 0, 0, 0, 0, 0, 0, 0, 0, 0, 1, 0, 0, 0, 0, 0, 0, 0, 0, 0],
"helperTrieds":[0, 0, 1, 1, 1, 1, 1, 1, 1, 1, 1, 1, 1, 1, 1, 1, 1, 1, 1, 1, 1],
"regularSuccessfuls":[0, 1418, 71, 91, 65, 28, 60, 27, 10, 7, 3, 19, 10, 31, 12, 4, 2, 6, 23, 9, 10],
"regularTrieds":[0, 10088, 4822, 2601, 4471, 8255, 7788, 8203, 7510, 4389, 5575, 6861, 6508, 5951, 7169, 8847, 7013, 4794, 5547, 7651, 5966],
"helperImprovements":[0.0, 0.0, 0.0, 0.0, 0.0, 0.0, 0.0, 0.0, 0.0, 0.0, 0.0, 0.05074226806755178, 0.0, 0.0, 0.0, 0.0, 0.0, 0.0, 0.0, 0.0, 0.0],
"regularImprovements":[0.0, 22858.383604110284, 450.15006713841285, 568.0489804856115, 248.49331113234803, 139.69008411059622, 142.3074243398878, 134.29063746736938, 12.639716601741384, 25.498002389183966, 41.80367208752432, 48.533068457691115, 56.15112948627211, 263.68673719694925, 30.216143999532505, 10.031672023331339, 15.156876853958238, 6.2598161621863255, 76.57459514013317, 18.04623391639325, 39.333299398451345],
"numWorkings":[0, 100, 100, 100, 99, 96, 100, 96, 100, 97, 100, 99, 97, 100, 97, 98, 97, 100, 99, 99, 98],
"totalWorkingTimes":[0, 6232227, 5819186, 5199989, 4470829, 4732547, 5732554, 5470126, 5660655, 5366542, 5055056, 5328813, 5530332, 4367591, 5391355, 5415292, 5397125, 4610625, 5247630, 5331789, 5316624]}