ë{"problemName":"rc110_1.txt",
"populationK":95,
"lsRunTime":70000,
"addFirstNeighborhoods":true,
"numHelperNeighborhoods":0,
"numRounds":20,
"numMappers":100,
"roundLengths":[0, 93031, 85671, 89152, 83640, 80759, 80793, 77693, 88964, 82173, 78823, 84776, 85991, 78761, 77635, 89200, 83850, 80329, 78872, 79504, 79779],
"bestSolCosts":[67913.0536431725, 50323.3284605845, 49582.865880570076, 49275.942446188936, 48996.08366885414, 48802.57233657263, 48675.59243427766, 48549.879335219535, 48503.47868942301, 48496.867112104665, 48474.0747831927, 48464.01098413645, 48407.40715289231, 48167.079115900604, 48116.8790752365, 48104.35418518634, 48072.275517621325, 48039.43738356319, 48021.23767860147, 48003.54954306989, 47981.10295430289],
"helperTimes":[0, 0, 22, 82, 28, 26, 55, 81, 77, 43, 71, 24, 39, 67, 23, 64, 58, 28, 29, 31, 23],
"regularTimes":[0, 60489, 58003, 50923, 57941, 54058, 56568, 51357, 58979, 57048, 53846, 59149, 58116, 53353, 60407, 55691, 60817, 50249, 59432, 59482, 57799],
"helperSuccessfuls":[0, 0, 0, 0, 0, 0, 0, 0, 0, 1, 0, 0, 0, 0, 0, 0, 0, 0, 0, 0, 0],
"helperTrieds":[0, 0, 1, 1, 1, 1, 1, 1, 1, 1, 1, 1, 1, 1, 1, 1, 1, 1, 1, 1, 1],
"regularSuccessfuls":[0, 1379, 155, 68, 61, 32, 19, 22, 9, 20, 6, 10, 31, 42, 10, 14, 14, 5, 5, 15, 11],
"regularTrieds":[0, 6879, 3444, 4409, 12815, 11541, 8419, 12697, 10054, 8783, 9278, 6779, 10277, 5593, 7062, 6968, 8129, 10941, 7206, 10178, 8679],
"helperImprovements":[0.0, 0.0, 0.0, 0.0, 0.0, 0.0, 0.0, 0.0, 0.0, 16.224905841547297, 0.0, 0.0, 0.0, 0.0, 0.0, 0.0, 0.0, 0.0, 0.0, 0.0, 0.0],
"regularImprovements":[0.0, 22664.395113758423, 740.4625800144204, 306.9234343811404, 279.8587773347972, 193.51133228150866, 126.97990229496645, 125.71309905812814, 46.40064579652244, 78.71759171160375, 26.387860649199865, 10.063799056253629, 101.43803152287, 240.32803699170472, 50.200040664101834, 49.84546929870703, 39.4719327400162, 32.83813405813271, 18.199704961720272, 17.68813553158543, 22.446588766993955],
"numWorkings":[0, 100, 100, 96, 100, 100, 97, 99, 99, 100, 98, 99, 100, 97, 94, 100, 95, 99, 100, 98, 99],
"totalWorkingTimes":[0, 6101872, 5816921, 5011389, 5177614, 5429395, 5255739, 5043372, 5724768, 5844891, 5348023, 5148931, 5832989, 5330575, 4370815, 5609995, 4944874, 4967835, 4372234, 5480627, 5754921]}