à{"problemName":"rc110_1.txt",
"populationK":95,
"lsRunTime":70000,
"addFirstNeighborhoods":true,
"numHelperNeighborhoods":0,
"numRounds":20,
"numMappers":100,
"roundLengths":[0, 97137, 83666, 88152, 91025, 79382, 83251, 78234, 77931, 80122, 79751, 83793, 79093, 80685, 79720, 78544, 86677, 89629, 78403, 87622, 80880],
"bestSolCosts":[70409.7399687852, 49934.446075968524, 49493.28108003852, 49266.24924856767, 48746.753570715206, 48650.091928055255, 48558.309589263, 48436.392866469665, 48410.867602080245, 48288.6673774116, 48215.81455993912, 48134.32500998472, 48018.56257905372, 47994.71615309683, 47965.20793222366, 47958.10223091127, 47935.956975722176, 47918.15435224977, 47868.425350900645, 47864.603047948796, 47829.04890904274],
"helperTimes":[0, 0, 19, 42, 35, 84, 49, 49, 49, 30, 33, 20, 25, 28, 51, 17, 28, 46, 46, 59, 41],
"regularTimes":[0, 60897, 59287, 54139, 47414, 49869, 52996, 35158, 46722, 55926, 56106, 56408, 57109, 58815, 45724, 55708, 58828, 52752, 45583, 52012, 51371],
"helperSuccessfuls":[0, 0, 0, 0, 0, 0, 0, 0, 0, 0, 0, 0, 0, 0, 1, 0, 0, 0, 0, 0, 0],
"helperTrieds":[0, 0, 1, 1, 1, 1, 1, 1, 1, 1, 1, 1, 1, 1, 1, 1, 1, 1, 1, 1, 1],
"regularSuccessfuls":[0, 1506, 65, 28, 85, 29, 42, 24, 7, 18, 18, 26, 20, 8, 1, 2, 5, 4, 4, 5, 9],
"regularTrieds":[0, 11132, 6814, 8823, 5500, 8914, 5721, 5259, 8462, 11292, 11268, 8654, 8138, 7851, 6859, 9649, 7818, 6482, 7411, 6576, 8017],
"helperImprovements":[0.0, 0.0, 0.0, 0.0, 0.0, 0.0, 0.0, 0.0, 0.0, 0.0, 0.0, 0.0, 0.0, 0.0, 50.75371768735931, 0.0, 0.0, 0.0, 0.0, 0.0, 0.0],
"regularImprovements":[0.0, 25620.973256668563, 441.1649959300048, 227.03183147084928, 519.4956778524647, 96.6616426599503, 331.5864975021541, 121.9167227933358, 49.32442743956926, 127.9858987158077, 72.85281747247791, 81.48954995439999, 115.76243093099765, 23.846425956893654, 1.0342503607171238, 8.623826577946602, 22.145255189090676, 17.802623472409323, 49.72900134912197, 3.822302951848542, 39.37644185790123],
"numWorkings":[0, 100, 100, 95, 97, 96, 98, 43, 99, 99, 99, 97, 100, 100, 96, 100, 98, 96, 99, 100, 100],
"totalWorkingTimes":[0, 6150133, 5507897, 5195481, 4773454, 4796206, 5245396, 3565015, 4820538, 5529030, 5341075, 5409547, 5780887, 5667582, 4717397, 5610700, 5608480, 5144325, 4703449, 5304321, 5181733]}