ù{"problemName":"rc110_1.txt",
"populationK":95,
"lsRunTime":70000,
"addFirstNeighborhoods":true,
"numHelperNeighborhoods":0,
"numRounds":20,
"numMappers":100,
"roundLengths":[0, 107009, 107621, 100214, 81719, 94656, 84312, 84954, 83116, 81750, 107861, 81082, 87538, 79892, 81010, 96038, 84052, 78964, 81313, 77632, 79437],
"bestSolCosts":[70060.73738915984, 50162.93821446069, 49640.95866105443, 49368.16806248895, 48973.9209631389, 48893.06721213079, 48877.841577120525, 48812.14775512315, 48792.50993553533, 48777.871072628564, 48697.206471490106, 48686.08453328721, 48663.11975989273, 48620.55981922275, 48578.47813239735, 48539.01464324941, 48515.55956110791, 48502.99090577621, 48400.18438877361, 48395.850632488204, 48380.83782593564],
"helperTimes":[0, 0, 19, 23, 26, 34, 241, 19, 49, 32, 52, 31, 32, 40, 48, 58, 43, 44, 36, 58, 33],
"regularTimes":[0, 57472, 53290, 56112, 53941, 53136, 52599, 51762, 54256, 55600, 54119, 50653, 54363, 49398, 59626, 55504, 56882, 52126, 54645, 53105, 58661],
"helperSuccessfuls":[0, 0, 0, 0, 0, 0, 0, 0, 0, 0, 0, 0, 0, 0, 1, 0, 1, 0, 0, 0, 0],
"helperTrieds":[0, 0, 1, 1, 1, 1, 1, 1, 1, 1, 1, 1, 1, 1, 1, 1, 1, 1, 1, 1, 1],
"regularSuccessfuls":[0, 1294, 139, 61, 60, 19, 9, 25, 9, 12, 17, 9, 11, 14, 7, 6, 9, 7, 24, 5, 3],
"regularTrieds":[0, 8691, 2577, 4642, 5701, 8728, 7961, 10767, 8207, 10004, 7074, 10581, 10564, 9039, 8124, 8141, 12752, 9815, 10588, 9595, 16525],
"helperImprovements":[0.0, 0.0, 0.0, 0.0, 0.0, 0.0, 0.0, 0.0, 0.0, 0.0, 0.0, 0.0, 0.0, 0.0, 27.997118329119985, 0.0, 0.9872254149522632, 0.0, 0.0, 0.0, 0.0],
"regularImprovements":[0.0, 19897.799174699147, 722.4460612403127, 272.79059856547974, 394.2470993500465, 80.85375100811507, 15.225635010261612, 112.74374716670718, 19.63781958782056, 27.025049475087144, 80.66460113845824, 11.121938202893944, 31.400556043001416, 42.55994066998392, 14.084568496276916, 39.46348914794362, 22.467856726543687, 12.56865533169912, 184.338739911429, 4.333756285406707, 15.012806552564143],
"numWorkings":[0, 100, 100, 94, 97, 99, 97, 100, 96, 97, 97, 97, 99, 99, 100, 96, 99, 99, 97, 96, 98],
"totalWorkingTimes":[0, 5883312, 5426807, 5332244, 5106913, 5312504, 5330241, 5178056, 5279761, 5433403, 5395440, 4916435, 5637090, 4956266, 5054757, 5444848, 5462484, 5208654, 5335036, 5206178, 5784874]}