ë{"problemName":"rc110_1.txt",
"populationK":99,
"lsRunTime":70000,
"addFirstNeighborhoods":true,
"numHelperNeighborhoods":0,
"numRounds":20,
"numMappers":100,
"roundLengths":[0, 105223, 84636, 94173, 77605, 81761, 129410, 87958, 75117, 109410, 79989, 92561, 78799, 78604, 89796, 79994, 86058, 84944, 85354, 93662, 80448],
"bestSolCosts":[68695.04581263577, 49934.15098844793, 49737.06098070765, 49579.63420950517, 49527.97918941697, 49378.148799124865, 49358.31425434654, 49158.70226803814, 49089.6668418828, 48904.19525641081, 48826.054441552056, 48823.13515879002, 48648.14630405622, 48623.25432741315, 48602.47463628524, 48556.248647869455, 48545.37335678194, 48518.98269894557, 48500.73843983582, 48458.45537833973, 48411.251766339694],
"helperTimes":[0, 0, 59, 22, 47, 40, 39, 29, 35, 78, 42, 24, 82, 20, 60, 47, 40, 139, 29, 17, 120],
"regularTimes":[0, 59754, 56515, 52629, 40668, 44549, 53944, 54462, 54419, 58105, 52840, 48846, 55481, 54843, 53376, 57906, 58946, 54399, 55651, 57491, 58031],
"helperSuccessfuls":[0, 0, 0, 0, 0, 0, 0, 0, 0, 0, 0, 0, 0, 0, 0, 0, 0, 0, 0, 0, 1],
"helperTrieds":[0, 0, 1, 1, 1, 1, 1, 1, 1, 1, 1, 1, 1, 1, 1, 1, 1, 1, 1, 1, 1],
"regularSuccessfuls":[0, 2443, 69, 35, 21, 39, 8, 44, 11, 32, 19, 2, 27, 9, 5, 11, 8, 11, 12, 10, 22],
"regularTrieds":[0, 11949, 5861, 3818, 1311, 3194, 5732, 5573, 9336, 5335, 6342, 7038, 7351, 6774, 3884, 8404, 7488, 6466, 8900, 10900, 12411],
"helperImprovements":[0.0, 0.0, 0.0, 0.0, 0.0, 0.0, 0.0, 0.0, 0.0, 0.0, 0.0, 0.0, 0.0, 0.0, 0.0, 0.0, 0.0, 0.0, 0.0, 0.0, 20.266750164621044],
"regularImprovements":[0.0, 75499.10974982365, 197.0900077402839, 157.4267712024739, 185.40425655323634, 149.8303902921034, 19.834544778328564, 277.4642948059409, 69.03542615534388, 185.4715854719907, 78.14081485875067, 2.9192827620354365, 174.98885473379778, 24.89197664306994, 20.779691127914703, 53.614574012906814, 10.875291087511869, 26.390657836374885, 18.24425910974969, 42.28306149609125, 67.30480949685443],
"numWorkings":[0, 100, 100, 98, 100, 94, 98, 96, 95, 100, 100, 88, 94, 92, 100, 95, 97, 93, 100, 96, 96],
"totalWorkingTimes":[0, 6008529, 5698898, 5088572, 4453900, 3786763, 5378405, 5233405, 5162573, 5641155, 5153051, 4370116, 4456610, 5002092, 5516645, 5547825, 5326791, 5110996, 5514551, 5497763, 5612121]}