Ý{"problemName":"rc110_1.txt",
"populationK":99,
"lsRunTime":70000,
"addFirstNeighborhoods":true,
"numHelperNeighborhoods":0,
"numRounds":20,
"numMappers":100,
"roundLengths":[0, 99173, 84668, 88160, 80755, 93662, 88877, 120064, 86534, 77344, 89026, 84279, 81526, 92923, 83014, 84007, 103087, 79808, 91496, 76455, 78863],
"bestSolCosts":[69579.92152770206, 50210.19736958316, 49707.73413267628, 49476.63102635617, 49345.289615597336, 49265.82939846371, 49082.90770096064, 48997.814578623154, 48950.63322437429, 48815.720182988654, 48769.03914179219, 48593.43980270434, 48493.72916210378, 48365.67961672309, 48350.67515291441, 48331.11186792371, 48314.771709993904, 48288.73948437521, 48271.95860940596, 48224.31385892976, 48202.47372326632],
"helperTimes":[0, 0, 12, 275, 48, 22, 20, 32, 26, 1031, 47, 25, 55, 51, 44, 25, 31, 25, 49, 23, 25],
"regularTimes":[0, 59482, 56678, 60475, 56815, 39983, 55128, 56846, 50601, 49633, 56493, 53885, 52144, 52975, 57542, 56763, 54475, 55026, 52733, 52580, 60066],
"helperSuccessfuls":[0, 0, 0, 0, 0, 0, 0, 0, 0, 0, 0, 0, 0, 0, 0, 0, 0, 0, 0, 0, 0],
"helperTrieds":[0, 0, 1, 1, 1, 1, 1, 1, 1, 1, 1, 1, 1, 1, 1, 1, 1, 1, 1, 1, 1],
"regularSuccessfuls":[0, 1520, 59, 57, 23, 8, 72, 28, 13, 16, 7, 36, 31, 15, 7, 1, 4, 6, 9, 22, 6],
"regularTrieds":[0, 8675, 2115, 4864, 6210, 5083, 6207, 5999, 9334, 5319, 6690, 8485, 8643, 9731, 7879, 6869, 15635, 11089, 11583, 8796, 14315],
"helperImprovements":[0.0, 0.0, 0.0, 0.0, 0.0, 0.0, 0.0, 0.0, 0.0, 0.0, 0.0, 0.0, 0.0, 0.0, 0.0, 0.0, 0.0, 0.0, 0.0, 0.0, 0.0],
"regularImprovements":[0.0, 26090.262411613636, 502.4632369068786, 231.10310632011533, 131.34141075883235, 79.46021713362279, 437.9706525554211, 218.70810105694545, 47.18135424886714, 134.91304138563282, 46.68104119646159, 185.63405552489712, 187.80277805342484, 128.04954538068705, 15.004463808683795, 19.563284990697866, 16.3401579298079, 29.984623560056207, 16.780874969248543, 98.32202119867725, 21.840135663442197],
"numWorkings":[0, 100, 100, 96, 97, 97, 97, 99, 94, 96, 97, 100, 93, 94, 100, 92, 100, 97, 97, 97, 90],
"totalWorkingTimes":[0, 5966606, 5661581, 5476682, 3826460, 4198387, 5422184, 5713966, 4928481, 4844675, 5351794, 5408260, 4873323, 5009512, 5570758, 4992276, 5500311, 5273519, 5213470, 5177285, 5263543]}