ì{"problemName":"rc110_1.txt",
"populationK":80,
"lsRunTime":70000,
"addFirstNeighborhoods":true,
"numHelperNeighborhoods":0,
"numRounds":20,
"numMappers":100,
"roundLengths":[0, 92636, 74940, 87896, 79772, 81822, 77862, 80753, 78043, 77718, 78746, 83670, 113540, 104746, 89684, 77640, 91538, 76954, 79617, 93695, 79622],
"bestSolCosts":[69013.84361490305, 50091.67032184477, 49469.476691567004, 49019.72346556057, 48632.822961500264, 48380.1494654565, 48309.94680658833, 48238.09462336317, 48088.25947862677, 48011.30254183747, 47943.77349154344, 47876.091858395965, 47851.410745156325, 47798.022098787325, 47619.40971287779, 47610.62071018329, 47587.78068963161, 47556.51838715822, 47541.101317430155, 47447.707903526156, 47400.626879425836],
"helperTimes":[0, 0, 23, 69, 91, 58, 60, 69, 42, 76, 26, 103, 87, 30, 32, 57, 34, 43, 53, 36, 22],
"regularTimes":[0, 40697, 51517, 50920, 54270, 53336, 42361, 55897, 54065, 51459, 57034, 45355, 55992, 55381, 55171, 22457, 58199, 54382, 55151, 52198, 58019],
"helperSuccessfuls":[0, 0, 0, 0, 0, 0, 0, 0, 0, 0, 0, 0, 0, 0, 0, 1, 0, 0, 0, 0, 0],
"helperTrieds":[0, 0, 1, 1, 1, 1, 1, 1, 1, 1, 1, 1, 1, 1, 1, 1, 1, 1, 1, 1, 1],
"regularSuccessfuls":[0, 1464, 93, 122, 68, 52, 19, 29, 31, 13, 22, 17, 7, 16, 34, 6, 7, 6, 5, 14, 10],
"regularTrieds":[0, 9164, 3381, 3228, 8561, 7927, 8750, 9659, 7388, 7409, 8250, 7025, 8753, 7989, 4521, 1150, 5019, 5412, 6588, 4921, 12098],
"helperImprovements":[0.0, 0.0, 0.0, 0.0, 0.0, 0.0, 0.0, 0.0, 0.0, 0.0, 0.0, 0.0, 0.0, 0.0, 0.0, 3.934310332813766, 0.0, 0.0, 0.0, 0.0, 0.0],
"regularImprovements":[0.0, 23733.537261335332, 622.1936302777685, 514.8044765556479, 386.90050406030787, 252.67349604376068, 70.20265886817651, 71.8521832251572, 149.83514473639661, 76.95693678930547, 67.52905029402609, 67.68163314747653, 24.68111323963967, 53.388646368999616, 178.61238590953872, 4.854692361681373, 22.840020551680936, 31.262302473391173, 32.07680732366862, 93.39341390399932, 61.6276062732577],
"numWorkings":[0, 97, 100, 98, 99, 100, 100, 99, 100, 96, 100, 94, 94, 95, 98, 38, 100, 100, 100, 100, 100],
"totalWorkingTimes":[0, 4234684, 5175544, 5073601, 5451349, 5410441, 4459576, 5532573, 5481735, 5089592, 5463322, 4392743, 5319141, 5232033, 5542405, 3375695, 5361922, 5490836, 5525755, 5397927, 5819266]}