	L{"problemName":"rc110_1.txt",
"populationK":800,
"lsRunTime":70000,
"addFirstNeighborhoods":true,
"numHelperNeighborhoods":0,
"numRounds":20,
"numMappers":1000,
"roundLengths":[0, 118068, 85111, 79360, 89975, 89532, 100584, 79574, 86556, 84632, 79805, 85505, 89590, 89561, 80401, 84880, 79582, 85541, 85046, 79479, 80514],
"bestSolCosts":[67944.43498309211, 49187.265837686464, 48540.868547347585, 48142.57261854891, 48017.92267857801, 47946.32109005382, 47829.87310666501, 47738.85976280576, 47696.62002450774, 47652.63138570035, 47610.083704705095, 47593.273886785624, 47561.72305159833, 47524.78635582099, 47515.41079073045, 47479.6441401705, 47463.35874335661, 47448.53773372559, 47427.9899915424, 47422.6647841334, 47405.28271450281],
"helperTimes":[0, 0, 21, 59, 34, 26, 29, 33, 35, 62, 22, 35, 30, 19, 41, 34, 102, 27, 57, 72, 31],
"regularTimes":[0, 61407, 53266, 52597, 53603, 50375, 52924, 51567, 53109, 44807, 48054, 54664, 52736, 55661, 54121, 53194, 48083, 47999, 48050, 48106, 52737],
"helperSuccessfuls":[0, 0, 0, 0, 0, 0, 0, 1, 0, 1, 0, 0, 0, 0, 0, 0, 1, 0, 1, 0, 1],
"helperTrieds":[0, 0, 1, 1, 1, 1, 1, 1, 1, 1, 1, 1, 1, 1, 1, 1, 1, 1, 1, 1, 1],
"regularSuccessfuls":[0, 1550, 104, 57, 32, 11, 24, 19, 12, 8, 13, 4, 13, 8, 5, 12, 1, 5, 4, 6, 8],
"regularTrieds":[0, 9134, 5147, 6767, 7824, 8691, 9301, 7955, 9166, 6317, 8516, 9980, 9780, 10454, 9735, 9037, 10558, 10244, 10062, 10550, 11210],
"helperImprovements":[0.0, 0.0, 0.0, 0.0, 0.0, 0.0, 0.0, 0.9472147851047339, 0.0, 16.29742917621479, 0.0, 0.0, 0.0, 0.0, 0.0, 0.0, 1.555129899723397, 0.0, 1.5551298997161211, 0.0, 1.1567528376326663],
"regularImprovements":[0.0, 31924.660689255288, 646.3972903388785, 398.29592879867414, 124.64993997089914, 71.60158852419409, 116.44798338881083, 90.06612907414092, 42.2397382980198, 27.691209631178936, 42.54768099525245, 16.809817919471243, 31.55083518729225, 36.93669577734545, 9.375565090536838, 35.766650559948175, 14.730266914164531, 31.106406444909226, 18.992612283473136, 5.325207409005088, 16.22531679295207],
"numWorkings":[0, 1000, 995, 1000, 996, 995, 983, 1000, 987, 880, 1000, 1000, 985, 1000, 989, 991, 996, 991, 999, 997, 1000],
"totalWorkingTimes":[0, 56270572, 50853753, 49805949, 50579170, 50391355, 49996905, 50577712, 50592410, 46449006, 50747108, 50268498, 50325913, 50320486, 49742466, 49791005, 49538354, 49350041, 50613754, 50907008, 50653729]}