	6{"problemName":"rc110_1.txt",
"populationK":800,
"lsRunTime":70000,
"addFirstNeighborhoods":true,
"numHelperNeighborhoods":0,
"numRounds":20,
"numMappers":1000,
"roundLengths":[0, 143215, 85375, 105080, 94713, 94588, 80738, 89850, 79732, 85561, 90818, 85543, 79568, 79504, 88797, 84511, 89522, 80511, 90298, 84660, 115754],
"bestSolCosts":[67926.94975522606, 49508.249405597824, 48970.16875742536, 48673.49809756908, 48549.222883896335, 48326.10277272987, 48156.06232433754, 48100.12148137755, 48062.70025788305, 47918.00820411087, 47856.05838554021, 47830.28238808132, 47805.00613226065, 47785.196086199605, 47772.619584311644, 47748.61492925764, 47722.68789655531, 47700.19881114544, 47675.76658511302, 47655.93339702858, 47632.34885677416],
"helperTimes":[0, 0, 21, 17, 18, 21, 18, 29, 29, 19, 15, 103, 106, 31, 30, 151, 27, 132, 14, 169, 43],
"regularTimes":[0, 51645, 47958, 53480, 53529, 48012, 55330, 53935, 55362, 52586, 55137, 56251, 45465, 45859, 35798, 37457, 48241, 47419, 36648, 45471, 53101],
"helperSuccessfuls":[0, 0, 0, 0, 0, 0, 0, 0, 0, 0, 0, 1, 1, 0, 0, 0, 0, 0, 0, 1, 0],
"helperTrieds":[0, 0, 1, 1, 1, 1, 1, 1, 1, 1, 1, 1, 1, 1, 1, 1, 1, 1, 1, 1, 1],
"regularSuccessfuls":[0, 1408, 109, 51, 27, 60, 47, 21, 11, 46, 19, 7, 5, 13, 10, 11, 11, 9, 5, 5, 4],
"regularTrieds":[0, 9758, 5261, 7360, 13452, 7551, 8237, 9778, 8094, 4124, 8323, 9711, 8981, 7655, 4226, 5544, 7490, 5935, 4487, 6267, 7054],
"helperImprovements":[0.0, 0.0, 0.0, 0.0, 0.0, 0.0, 0.0, 0.0, 0.0, 0.0, 0.0, 15.573050843842793, 2.637298647685384, 0.0, 0.0, 0.0, 0.0, 0.0, 0.0, 0.04830383747321321, 0.0],
"regularImprovements":[0.0, 24131.597191767047, 538.0806481724649, 296.6706598562814, 124.27521367274312, 247.71959492354654, 170.04044839233393, 55.940842959986185, 37.42122349450074, 236.6099136533885, 61.94981857066159, 10.202946615041583, 22.63895717298874, 19.810046061043977, 40.59297396801412, 24.004655054006435, 25.92703270232596, 22.489085409870313, 44.582594594801776, 19.78488424696843, 23.58454025442188],
"numWorkings":[0, 996, 968, 997, 985, 1000, 1000, 999, 997, 1000, 997, 1000, 944, 1000, 996, 996, 997, 1000, 988, 982, 991],
"totalWorkingTimes":[0, 55175753, 49364049, 50531035, 50669606, 50954006, 51179536, 50277653, 50691044, 51060205, 50265447, 51266017, 47927286, 51228066, 49170648, 50806580, 50994693, 50432434, 50459360, 48615994, 49842520]}