	1{"problemName":"rc110_1.txt",
"populationK":800,
"lsRunTime":70000,
"addFirstNeighborhoods":true,
"numHelperNeighborhoods":0,
"numRounds":20,
"numMappers":1000,
"roundLengths":[0, 91932, 95486, 105038, 99691, 89683, 91336, 85708, 89710, 89535, 85516, 79511, 85573, 84629, 79521, 85556, 80127, 79667, 79874, 80688, 84318],
"bestSolCosts":[67879.9120104087, 49519.14169435009, 48995.89450300165, 48648.652465291714, 48484.347229754, 48348.72726554606, 48202.23172924842, 48100.187222621134, 47929.063946531234, 47870.35418528707, 47812.44312453734, 47757.24383036052, 47684.77822699038, 47625.12381988547, 47575.17081327136, 47520.65574986973, 47444.022779478866, 47426.55640334144, 47387.556269865614, 47351.04634631428, 47343.94948032662],
"helperTimes":[0, 0, 22, 24, 18, 30, 28, 32, 17, 47, 55, 25, 45, 85, 73, 60, 137, 55, 29, 24, 101],
"regularTimes":[0, 61391, 52354, 50693, 46639, 52626, 47238, 53270, 55389, 48277, 47514, 48182, 47598, 45130, 48130, 47315, 47589, 48035, 54950, 55735, 50208],
"helperSuccessfuls":[0, 0, 0, 0, 0, 0, 0, 0, 0, 0, 0, 0, 0, 1, 0, 0, 1, 1, 0, 0, 1],
"helperTrieds":[0, 0, 1, 1, 1, 1, 1, 1, 1, 1, 1, 1, 1, 1, 1, 1, 1, 1, 1, 1, 1],
"regularSuccessfuls":[0, 1367, 60, 49, 38, 37, 22, 39, 19, 18, 9, 20, 14, 19, 13, 2, 19, 9, 11, 3, 0],
"regularTrieds":[0, 7104, 4198, 2367, 4584, 3178, 4571, 5600, 8714, 9865, 8149, 11193, 9843, 9987, 9481, 9663, 8349, 9514, 10267, 11004, 9456],
"helperImprovements":[0.0, 0.0, 0.0, 0.0, 0.0, 0.0, 0.0, 0.0, 0.0, 0.0, 0.0, 0.0, 0.0, 4.419688216075883, 0.0, 0.0, 8.343224625677976, 0.9488335237256251, 0.0, 0.0, 7.0968659876598394],
"regularImprovements":[0.0, 23108.96872524026, 523.2471913484405, 347.24203770993336, 164.3052355377149, 135.6199642079373, 146.49553629763977, 102.04450662728777, 171.12327608990017, 58.70976124416484, 57.91106074972777, 108.65565049897123, 72.46560337014671, 55.234718888830685, 49.953006614108745, 54.51506340163178, 68.28974576518522, 16.517542613699334, 39.00013347582717, 36.509923551333486, 0.0],
"numWorkings":[0, 1000, 997, 976, 989, 1000, 998, 1000, 986, 987, 1000, 1000, 1000, 872, 1000, 989, 1000, 987, 998, 995, 987],
"totalWorkingTimes":[0, 55647494, 49993348, 48493004, 50309868, 50425808, 50506819, 51601433, 49602581, 48934303, 49845779, 50692646, 50885836, 46624369, 50371551, 49722945, 51413513, 50507367, 49302701, 50544981, 48799811]}