	R{"problemName":"rc110_1.txt",
"populationK":1,
"lsRunTime":70000,
"addFirstNeighborhoods":true,
"numHelperNeighborhoods":0,
"numRounds":20,
"numMappers":1000,
"roundLengths":[0, 86943, 104939, 79871, 80256, 79724, 79937, 80230, 79757, 80050, 79890, 81251, 79222, 80665, 80173, 79744, 85712, 79694, 79908, 80092, 79656],
"bestSolCosts":[68306.18479802173, 49544.642005112335, 49073.670930304754, 48851.256722355494, 48681.79630563105, 48480.082147208515, 48319.9746637243, 48205.360092316194, 47986.917772426095, 47874.375438601266, 47821.65191319194, 47796.041658079586, 47779.65010338569, 47753.684741786514, 47725.39590211776, 47704.5649533975, 47689.382918173025, 47678.23723064954, 47673.744234067264, 47665.05088569083, 47606.19027921333],
"helperTimes":[0, 0, 19, 18, 29, 16, 16, 19, 23, 69, 31, 14, 126, 18, 28, 288, 48, 27, 53, 37, 46],
"regularTimes":[0, 58020, 53209, 48301, 57770, 51135, 55485, 53640, 56352, 48239, 52894, 50233, 51746, 52515, 46686, 59355, 46564, 52915, 51042, 52981, 47412],
"helperSuccessfuls":[0, 0, 0, 0, 0, 0, 0, 0, 0, 0, 1, 0, 1, 1, 1, 0, 0, 1, 0, 0, 0],
"helperTrieds":[0, 0, 1, 1, 1, 1, 1, 1, 1, 1, 1, 1, 1, 1, 1, 1, 1, 1, 1, 1, 1],
"regularSuccessfuls":[0, 1603, 101, 68, 55, 29, 24, 21, 56, 27, 13, 12, 4, 2, 4, 7, 9, 5, 5, 4, 4],
"regularTrieds":[0, 12375, 4404, 5310, 6696, 9018, 8642, 8965, 7477, 7354, 10492, 8141, 11742, 8623, 9916, 11425, 8772, 11776, 11542, 9719, 8307],
"helperImprovements":[0.0, 0.0, 0.0, 0.0, 0.0, 0.0, 0.0, 0.0, 0.0, 0.0, 1.7158297954447335, 0.0, 3.002622197396704, 0.2775955142569728, 1.4637991570489248, 0.0, 0.0, 0.5591117770163692, 0.0, 0.0, 0.0],
"regularImprovements":[0.0, 25793.415814323227, 470.9710748075813, 222.41420794925943, 169.460416724447, 201.7141584225319, 160.10748348421475, 114.61457140810671, 218.4423198900986, 112.54233382482926, 51.00769561388006, 25.610255112354935, 13.388932496498455, 25.68776608492044, 26.825040511706902, 20.830948720256856, 15.18203522447584, 10.586575746470771, 4.492996582273918, 8.693348376436916, 58.860606477494],
"numWorkings":[0, 998, 1000, 989, 984, 997, 997, 1000, 999, 1000, 1000, 998, 1000, 981, 1000, 1000, 992, 1000, 939, 993, 980],
"totalWorkingTimes":[0, 53603589, 49585220, 50111240, 49699290, 50033721, 50109016, 50449504, 50776162, 50989213, 51243067, 50728882, 51676438, 49349589, 50653772, 47720331, 49784761, 49614623, 47936356, 49175950, 49223725]}