	g{"problemName":"rc110_1.txt",
"populationK":1,
"lsRunTime":70000,
"addFirstNeighborhoods":true,
"numHelperNeighborhoods":0,
"numRounds":20,
"numMappers":1000,
"roundLengths":[0, 128735, 95277, 90095, 84987, 85835, 78685, 80639, 80204, 79724, 79966, 85632, 90344, 109611, 84946, 85649, 80133, 84669, 84827, 79780, 86311],
"bestSolCosts":[68516.30800391459, 49743.54922334573, 49270.333718542526, 48902.39662091547, 48778.98030679314, 48593.57432475588, 48456.235519526024, 48359.50807595225, 48198.93188213192, 48078.390899719525, 48002.32065794619, 47904.683667211626, 47816.46195543378, 47741.65707776119, 47703.32946931217, 47672.534462621275, 47642.424178956935, 47623.0558009358, 47604.345728332206, 47589.79019339332, 47578.20522994086],
"helperTimes":[0, 0, 12, 46, 194, 18, 22, 18, 210, 46, 38, 18, 29, 22, 64, 16, 36, 36, 41, 44, 40],
"regularTimes":[0, 56226, 55715, 53020, 47586, 55667, 56449, 50652, 51477, 44793, 47631, 52143, 54726, 56119, 48707, 56526, 44701, 46192, 56256, 47666, 47482],
"helperSuccessfuls":[0, 0, 0, 0, 0, 0, 0, 0, 1, 0, 0, 0, 0, 1, 1, 0, 0, 1, 1, 0, 1],
"helperTrieds":[0, 0, 1, 1, 1, 1, 1, 1, 1, 1, 1, 1, 1, 1, 1, 1, 1, 1, 1, 1, 1],
"regularSuccessfuls":[0, 1583, 109, 69, 31, 14, 24, 21, 18, 30, 11, 15, 20, 13, 8, 11, 7, 13, 5, 7, 10],
"regularTrieds":[0, 9951, 4983, 7042, 6447, 9691, 9253, 8709, 8392, 6537, 9631, 8786, 8283, 11500, 8589, 13133, 8662, 8590, 11692, 10047, 10557],
"helperImprovements":[0.0, 0.0, 0.0, 0.0, 0.0, 0.0, 0.0, 0.0, 0.5307325398098328, 0.0, 0.0, 0.0, 0.0, 0.39417106746986974, 0.9565037298307288, 0.0, 0.0, 0.2597064848159789, 4.247756971359195, 0.0, 0.2772697965338011],
"regularImprovements":[0.0, 27671.370011063278, 473.2155048032073, 367.9370976270584, 123.41631412232528, 185.40598203726404, 137.3388052298542, 96.72744357377087, 160.04546128052607, 120.54098241239262, 76.07024177333369, 97.63699073456519, 88.22171177784912, 74.41070660511468, 37.37110471919004, 30.795006690896116, 30.110283664340386, 19.10867153631989, 14.462315632234095, 14.55553493888874, 11.307693655922776],
"numWorkings":[0, 1000, 1000, 1000, 1000, 999, 933, 997, 721, 979, 1000, 990, 987, 1000, 969, 1000, 1000, 955, 995, 969, 1000],
"totalWorkingTimes":[0, 57514083, 49684570, 51403913, 50753145, 51304819, 47664533, 49190479, 37690344, 48451545, 50792833, 50876582, 50689935, 50438551, 50272487, 50208032, 50564669, 48300145, 50508560, 49250107, 51077849]}