	‡{"problemName":"rc110_1.txt",
"populationK":1,
"lsRunTime":70000,
"addFirstNeighborhoods":true,
"numHelperNeighborhoods":0,
"numRounds":20,
"numMappers":500,
"roundLengths":[0, 113385, 85573, 100271, 78788, 81535, 79724, 80457, 79185, 81211, 83706, 117993, 80733, 95570, 79601, 80518, 90226, 79504, 79524, 79682, 79733],
"bestSolCosts":[67913.0536431725, 49771.68886903278, 49296.431532680675, 48950.91554325912, 48757.63803132281, 48661.83840790735, 48508.2086961679, 48388.4019937303, 48247.63340891221, 48126.28864353423, 47988.05669295075, 47927.87838592946, 47885.98664394868, 47844.57559433737, 47730.97734497355, 47695.45055870151, 47650.543110190185, 47615.91266975074, 47591.98962743721, 47559.80539755449, 47533.320528998],
"helperTimes":[0, 0, 13, 22, 16, 101, 31, 27, 21, 210, 123, 34, 25, 92, 30, 49, 26, 39, 30, 26, 24],
"regularTimes":[0, 52876, 58014, 58554, 55596, 43415, 55192, 56003, 55749, 54454, 43002, 58121, 52830, 54296, 54303, 54694, 46821, 52604, 38497, 49129, 56569],
"helperSuccessfuls":[0, 0, 0, 0, 0, 0, 1, 1, 0, 1, 0, 1, 0, 1, 0, 0, 1, 1, 1, 1, 0],
"helperTrieds":[0, 0, 1, 1, 1, 1, 1, 1, 1, 1, 1, 1, 1, 1, 1, 1, 1, 1, 1, 1, 1],
"regularSuccessfuls":[0, 1361, 123, 86, 43, 8, 33, 49, 57, 23, 20, 30, 13, 8, 15, 7, 5, 10, 11, 12, 5],
"regularTrieds":[0, 8476, 6270, 10040, 8975, 6991, 11419, 10253, 13223, 7516, 9558, 13969, 12855, 10333, 12996, 13603, 10562, 13122, 7571, 12583, 16290],
"helperImprovements":[0.0, 0.0, 0.0, 0.0, 0.0, 0.0, 8.188133469033346, 0.5275335414771689, 0.0, 0.4938656425510999, 0.0, 5.748037634039065, 0.0, 0.7600995858083479, 0.0, 0.0, 6.755140720153577, 1.8237762056669453, 0.6539647851750487, 10.914930655162607, 0.0],
"regularImprovements":[0.0, 24033.96436750731, 475.2573363521078, 345.51598942155397, 193.2775119363141, 95.79962341545615, 145.44157827041636, 119.27916889612243, 140.76858481809177, 120.85089973542927, 138.2319505834821, 54.43026938724506, 41.89174198078399, 40.65095002549788, 113.5982493638221, 35.526786272042955, 38.15230779116973, 32.806664233779884, 23.26907752835541, 21.269299227555166, 26.484868556486617],
"numWorkings":[0, 500, 500, 500, 500, 500, 500, 499, 499, 500, 492, 500, 499, 500, 500, 498, 487, 490, 500, 500, 500],
"totalWorkingTimes":[0, 27040056, 27909927, 28500827, 26348423, 22239176, 27216804, 26375037, 27095281, 27724069, 24522419, 27829393, 27206112, 27881989, 26402026, 27887241, 25893481, 26707043, 22217052, 24875970, 26996189]}