	Æ{"problemName":"rc110_1.txt",
"populationK":1,
"lsRunTime":70000,
"addFirstNeighborhoods":true,
"numHelperNeighborhoods":300,
"numRounds":20,
"numMappers":500,
"roundLengths":[0, 98990, 104629, 80603, 80790, 79529, 79635, 79550, 80190, 80203, 80585, 80020, 85511, 80503, 81645, 78595, 79850, 85719, 83532, 80000, 80740],
"bestSolCosts":[67410.04886547496, 49739.07313884801, 49024.42301294043, 48628.976271583146, 48334.011468658835, 48174.074069600916, 48021.16239117405, 47944.45246828543, 47882.080648824136, 47823.11184254716, 47788.43385134139, 47725.789343278484, 47671.20262747422, 47653.109631256324, 47612.4907906906, 47577.05600869931, 47570.14356302088, 47569.15725568414, 47557.98975817736, 47539.084670070726, 47464.81459449783],
"helperTimes":[0, 0, 808, 1199, 3575, 3231, 5657, 4261, 2537, 1150, 1814, 1527, 1682, 911, 570, 2025, 438, 4342, 209, 196, 43],
"regularTimes":[0, 60785, 55368, 54475, 52380, 53759, 44781, 50487, 52391, 55237, 52753, 52715, 53402, 52651, 52225, 54520, 54431, 46814, 54917, 56699, 56694],
"helperSuccessfuls":[0, 0, 0, 1, 0, 8, 1, 1, 1, 5, 0, 3, 0, 0, 4, 0, 3, 0, 0, 0, 0],
"helperTrieds":[0, 0, 301, 301, 301, 301, 301, 301, 301, 301, 301, 301, 301, 301, 66, 301, 53, 301, 11, 17, 2],
"regularSuccessfuls":[0, 1249, 127, 82, 33, 34, 25, 10, 10, 17, 13, 13, 14, 3, 6, 7, 1, 1, 2, 8, 7],
"regularTrieds":[0, 8633, 5610, 9026, 9803, 11107, 8587, 12422, 11000, 10974, 11134, 10467, 11427, 11568, 12985, 11591, 8801, 7551, 12993, 11288, 10740],
"helperImprovements":[0.0, 0.0, 0.0, 4.04726161173312, 0.0, 15.830578469700413, 6.08815944691014, 0.09740684715507086, 0.43055597513739485, 18.11893933967076, 0.0, 1.6286121485027252, 0.0, 0.0, 1.7489086462956038, 0.0, 1.0787290540974936, 0.0, 0.0, 0.0, 0.0],
"regularImprovements":[0.0, 23901.677892651503, 714.6501259075812, 391.3994797455525, 294.9648029243108, 144.1068205882184, 146.8235189799525, 76.61251604146673, 61.94126348615828, 40.849866937307524, 34.677991205768194, 61.01589591440279, 54.58671580426744, 18.092996217892505, 38.86993191942747, 35.434781991294585, 5.833716624329099, 0.9863073367378092, 11.16749750677991, 18.905088106635958, 74.27007557289471],
"numWorkings":[0, 500, 500, 483, 495, 419, 491, 497, 493, 496, 492, 489, 496, 480, 500, 481, 500, 495, 500, 500, 500],
"totalWorkingTimes":[0, 29320451, 27446279, 27004576, 27761944, 20442346, 25632416, 27665193, 27210077, 27170586, 26369730, 26204433, 28334007, 25077378, 25761625, 26899270, 26359762, 25554871, 26864381, 27799756, 27640895]}