÷{"problemName":"rc110_1.txt",
"populationK":1,
"lsRunTime":140000,
"addFirstNeighborhoods":true,
"numHelperNeighborhoods":0,
"numRounds":11,
"numMappers":500,
"roundLengths":[0, 168369, 154978, 149683, 149649, 160081, 159338, 166224, 149569, 159889, 155649, 149364],
"bestSolCosts":[68196.58931417338, 48659.14094272318, 48262.42161843226, 48015.7671913555, 47835.7304922115, 47742.862656618825, 47654.60443693848, 47553.583757153276, 47539.22427666316, 47521.639138687286, 47483.2847604048, 47472.2222758035],
"helperTimes":[0, 0, 27, 24, 314, 30, 25, 21, 111, 34, 18, 31],
"regularTimes":[0, 132534, 124045, 121484, 129002, 125227, 118603, 127544, 123663, 124838, 125373, 126283],
"helperSuccessfuls":[0, 0, 0, 0, 1, 0, 0, 0, 0, 0, 1, 0],
"helperTrieds":[0, 0, 1, 1, 1, 1, 1, 1, 1, 1, 1, 1],
"regularSuccessfuls":[0, 1508, 116, 50, 63, 38, 27, 34, 7, 3, 13, 7],
"regularTrieds":[0, 16917, 19172, 27729, 27316, 19374, 19726, 20992, 24939, 22944, 26204, 25360],
"helperImprovements":[0.0, 0.0, 0.0, 0.0, 22.314780497094034, 0.0, 0.0, 0.0, 0.0, 0.0, 0.06932848707947414, 0.0],
"regularImprovements":[0.0, 24657.85832846618, 396.71932429091976, 246.65442707675538, 157.7219186469083, 92.86783559267496, 88.25821968034143, 101.0206797852079, 14.359480490114947, 17.585137975875114, 38.28504979540594, 11.062484601301549],
"numWorkings":[0, 500, 500, 495, 500, 500, 500, 500, 500, 490, 500, 487],
"totalWorkingTimes":[0, 65954004, 61086839, 60617425, 62537954, 63287373, 62810277, 62604644, 62167216, 62090791, 63287131, 60454711]}