	:{"problemName":"rc110_1.txt",
"populationK":1,
"lsRunTime":70000,
"addFirstNeighborhoods":true,
"numHelperNeighborhoods":0,
"numRounds":20,
"numMappers":500,
"roundLengths":[0, 103073, 85025, 79578, 85608, 84590, 88604, 80536, 81247, 78639, 81545, 78537, 80516, 79524, 80574, 80765, 81575, 80516, 94627, 85672, 84733],
"bestSolCosts":[67926.94975522606, 49608.045378196, 49026.41235870984, 48625.67313045864, 48346.51794376077, 48250.4904102229, 48166.90711637367, 48093.27073688197, 48013.503164269525, 47913.52089882903, 47813.99171597844, 47737.42668170734, 47667.54303453519, 47621.93472613675, 47591.61895704774, 47551.455898161075, 47532.03843811977, 47523.915143038816, 47520.91499728186, 47507.47064574347, 47488.714405771854],
"helperTimes":[0, 0, 21, 23, 25, 45, 26, 37, 42, 30, 53, 272, 30, 29, 22, 31, 45, 20, 78, 78, 100],
"regularTimes":[0, 58562, 56005, 50971, 56994, 53237, 55148, 48566, 52654, 54953, 53637, 51714, 56793, 56650, 47740, 48198, 49552, 56538, 53092, 54781, 56853],
"helperSuccessfuls":[0, 0, 0, 0, 0, 0, 0, 0, 0, 0, 0, 1, 0, 0, 0, 1, 0, 0, 0, 1, 1],
"helperTrieds":[0, 0, 1, 1, 1, 1, 1, 1, 1, 1, 1, 1, 1, 1, 1, 1, 1, 1, 1, 1, 1],
"regularSuccessfuls":[0, 1318, 81, 78, 44, 18, 23, 14, 26, 33, 13, 21, 12, 26, 7, 8, 5, 3, 1, 6, 3],
"regularTrieds":[0, 8434, 5061, 6939, 12867, 8071, 12984, 10425, 7576, 9259, 12098, 13369, 10396, 12569, 8700, 7881, 6848, 9614, 8417, 9489, 8312],
"helperImprovements":[0.0, 0.0, 0.0, 0.0, 0.0, 0.0, 0.0, 0.0, 0.0, 0.0, 0.0, 20.968314477759122, 0.0, 0.0, 0.0, 0.04253748562769033, 0.0, 0.0, 0.0, 0.40544478518131655, 0.47219970273727085],
"regularImprovements":[0.0, 26762.774464975642, 581.6330194861657, 400.7392282511937, 279.1551866978698, 96.02753353787557, 83.58329384922399, 73.63637949170516, 79.76757261244347, 99.98226544049248, 99.52918285059422, 55.596719793342345, 69.88364717214426, 45.608308398441295, 30.315769089007517, 40.120521401040605, 19.417460041302547, 8.123295080957178, 3.0001457569524064, 13.038906753208721, 18.284040268881654],
"numWorkings":[0, 500, 500, 493, 490, 500, 500, 494, 494, 499, 495, 483, 500, 493, 496, 500, 500, 500, 490, 500, 488],
"totalWorkingTimes":[0, 30663108, 26814176, 26111606, 27224824, 26670476, 27054077, 23720758, 26897429, 26740831, 26873290, 25875641, 27900752, 27200461, 26802804, 27366011, 25665782, 27943666, 27184383, 28024214, 27134387]}