	é{"problemName":"rc110_1.txt",
"populationK":1,
"lsRunTime":70000,
"addFirstNeighborhoods":true,
"numHelperNeighborhoods":300,
"numRounds":20,
"numMappers":500,
"roundLengths":[0, 87483, 84922, 85577, 80522, 79541, 79521, 80522, 80290, 84553, 80563, 79541, 92505, 87539, 80429, 78837, 79913, 80521, 79432, 81477, 80503],
"bestSolCosts":[68905.51332629696, 49440.19864044446, 48777.073462870794, 48388.54320872776, 48146.15462692293, 48018.22755836746, 47844.16719384557, 47786.56619089998, 47757.28064318546, 47657.44208172651, 47579.07683436732, 47454.67242390131, 47354.69604309372, 47271.6336072877, 47224.68255845928, 47221.100854362514, 47208.737401765095, 47198.641930921185, 47188.979257885156, 47147.22704139872, 47133.3879856787],
"helperTimes":[0, 0, 685, 1067, 826, 1622, 1060, 1377, 2279, 915, 2377, 3867, 2439, 1432, 1158, 1103, 66, 258, 869, 530, 3691],
"regularTimes":[0, 62359, 54708, 52535, 52575, 54150, 51498, 58730, 52691, 55021, 56755, 46295, 55157, 51283, 54503, 51281, 59650, 54953, 55315, 56567, 49258],
"helperSuccessfuls":[0, 0, 0, 3, 0, 3, 0, 2, 1, 2, 2, 4, 1, 0, 4, 0, 0, 0, 0, 2, 1],
"helperTrieds":[0, 0, 301, 301, 301, 301, 301, 301, 301, 301, 301, 301, 301, 301, 301, 301, 3, 18, 201, 12, 301],
"regularSuccessfuls":[0, 1369, 109, 52, 31, 34, 20, 24, 11, 22, 15, 27, 26, 16, 10, 1, 9, 3, 2, 7, 5],
"regularTrieds":[0, 9419, 6235, 10348, 13199, 11108, 12727, 10764, 13835, 12016, 13952, 9987, 14646, 13696, 16114, 15004, 14061, 15426, 13386, 13982, 10864],
"helperImprovements":[0.0, 0.0, 0.0, 11.09700335837988, 0.0, 3.9584657803497976, 0.0, 3.933951775303285, 0.7851001724702655, 1.1109901901509147, 2.8208973400469404, 2.5207698668309604, 2.1829896021590685, 0.0, 9.926512535399524, 0.0, 0.0, 0.0, 0.0, 0.2448214076575823, 0.48957542948483024],
"regularImprovements":[0.0, 24147.425213921262, 663.1251775736673, 377.4332507846557, 242.3885818048293, 123.96860277512314, 174.0603645218871, 53.66705117028323, 28.500447542050097, 98.72757126879878, 75.5443500191468, 121.88364059917512, 97.79339120543591, 83.06243580601586, 37.02453629302181, 3.581704096766771, 12.363452597419382, 10.095470843909425, 9.662673036029446, 41.507395078777336, 13.349480290533393],
"numWorkings":[0, 500, 500, 489, 493, 494, 493, 497, 487, 491, 485, 496, 486, 494, 492, 500, 500, 500, 500, 500, 497],
"totalWorkingTimes":[0, 31231803, 28681963, 26452666, 26471266, 26898821, 26776640, 27892755, 27359070, 26659175, 27911277, 25841514, 27574167, 25192047, 28271777, 26847668, 28084028, 28118379, 28632482, 27807029, 26622901]}