	{"problemName":"rc110_1.txt",
"populationK":1,
"lsRunTime":70000,
"addFirstNeighborhoods":true,
"numHelperNeighborhoods":0,
"numRounds":20,
"numMappers":100,
"roundLengths":[0, 93291, 80948, 90087, 79710, 81065, 78827, 84158, 81063, 75915, 78933, 78112, 82762, 77953, 86880, 79062, 81536, 79752, 78975, 79800, 86854],
"bestSolCosts":[67410.01618715291, 49644.6008553953, 49117.50889439729, 48634.63620265894, 48416.957991596224, 48319.987226026315, 48193.14817346661, 48065.481291810895, 47975.37089155159, 47932.461289229715, 47898.407260665605, 47879.07484684877, 47853.50521754715, 47837.431580740864, 47825.34676495146, 47818.34086305091, 47800.95917000528, 47796.378676360466, 47783.951209291576, 47781.21919317421, 47769.66427679483],
"helperTimes":[0, 0, 19, 75, 31, 27, 57, 49, 24, 43, 97, 26, 26, 86, 84, 126, 127, 41, 85, 59, 166],
"regularTimes":[0, 62774, 56753, 54864, 55428, 54225, 57780, 50738, 55355, 51065, 50441, 52489, 48846, 45511, 45638, 48012, 47270, 53966, 58031, 51531, 54277],
"helperSuccessfuls":[0, 0, 0, 0, 0, 0, 0, 0, 0, 1, 0, 0, 0, 1, 0, 1, 0, 1, 0, 0, 0],
"helperTrieds":[0, 0, 1, 1, 1, 1, 1, 1, 1, 1, 1, 1, 1, 1, 1, 1, 1, 1, 1, 1, 1],
"regularSuccessfuls":[0, 1475, 93, 86, 59, 24, 19, 31, 7, 19, 4, 6, 1, 3, 7, 7, 6, 5, 9, 3, 5],
"regularTrieds":[0, 10193, 11402, 8063, 5475, 10614, 10609, 8401, 13627, 8995, 7982, 7435, 7979, 4508, 6868, 6481, 8604, 6972, 7485, 6384, 5938],
"helperImprovements":[0.0, 0.0, 0.0, 0.0, 0.0, 0.0, 0.0, 0.0, 0.0, 6.160477132842061, 0.0, 0.0, 0.0, 1.887225259844854, 0.0, 0.3977944516809657, 0.0, 0.0751235074858414, 0.0, 0.0, 0.0],
"regularImprovements":[0.0, 28992.559385558852, 527.0919609980119, 482.8726917383465, 217.6782110627173, 96.97076556990942, 126.83905255970603, 127.66688165571395, 90.1104002593056, 36.749125189031474, 34.05402856411092, 19.33241381683183, 25.569629301622626, 14.186411546441377, 12.084815789407003, 6.608107448868395, 17.381693045630527, 4.505370137325372, 12.42746706889011, 2.732016117362946, 11.55491637938394],
"numWorkings":[0, 100, 100, 98, 98, 100, 98, 100, 100, 95, 96, 98, 100, 100, 100, 100, 100, 98, 100, 100, 34],
"totalWorkingTimes":[0, 6382008, 5652304, 5385058, 5185783, 5433480, 5249301, 5199990, 5495884, 4864339, 4905154, 5135875, 5013265, 4836967, 4703659, 4949930, 4687642, 5364076, 5521379, 5186817, 3906296]}