	»{"problemName":"rc110_1.txt",
"populationK":1,
"lsRunTime":70000,
"addFirstNeighborhoods":true,
"numHelperNeighborhoods":300,
"numRounds":20,
"numMappers":1000,
"roundLengths":[0, 92841, 84858, 81307, 79606, 89762, 85705, 84552, 85526, 105383, 83570, 86766, 94880, 84638, 79814, 94725, 79647, 79810, 79645, 80633, 79719],
"bestSolCosts":[68278.93952826891, 49630.75079545463, 48885.8469604069, 48568.959733122865, 48362.963190750044, 48003.57789173899, 47806.14855605262, 47673.38148162184, 47583.524658459304, 47526.50929500231, 47492.57254216722, 47450.77974791905, 47423.235808249716, 47372.44996213783, 47332.41109265732, 47315.76336993739, 47305.73136798115, 47304.03010968276, 47298.08816798786, 47293.00498948176, 47290.15031037437],
"helperTimes":[0, 0, 491, 919, 1574, 2010, 3680, 2452, 720, 2113, 1886, 881, 3864, 15117, 673, 3952, 901, 1056, 533, 0, 171],
"regularTimes":[0, 39855, 51937, 56409, 47121, 54802, 39921, 43182, 50116, 42787, 44388, 53868, 42056, 28293, 52102, 33444, 54196, 47149, 50062, 44818, 47800],
"helperSuccessfuls":[0, 0, 0, 0, 2, 1, 6, 0, 0, 4, 0, 2, 3, 2, 1, 2, 0, 0, 0, 0, 0],
"helperTrieds":[0, 0, 301, 301, 301, 301, 301, 301, 301, 301, 301, 301, 301, 301, 301, 301, 301, 301, 48, 0, 21],
"regularSuccessfuls":[0, 1242, 114, 71, 57, 62, 33, 33, 18, 8, 9, 3, 5, 9, 12, 5, 5, 1, 3, 1, 3],
"regularTrieds":[0, 6832, 2664, 7422, 7857, 7386, 4194, 4949, 6687, 7444, 10161, 10994, 8155, 5957, 9026, 4568, 12323, 9834, 10417, 8532, 11068],
"helperImprovements":[0.0, 0.0, 0.0, 0.0, 5.660147154958395, 0.535834300055285, 88.13616324337636, 0.0, 0.0, 18.633081635533017, 0.0, 0.9654215522823506, 19.143538705226092, 0.8665985154802911, 3.049697351118084, 4.025652821539552, 0.0, 0.0, 0.0, 0.0, 0.0],
"regularImprovements":[0.0, 26143.688810030842, 744.9038350477276, 316.8872272840381, 200.33639521786245, 358.8494647109983, 109.29317244299455, 132.7670744307834, 89.85682316253224, 38.38228182146122, 33.93675283509219, 40.82737269588688, 8.400400964106666, 49.91924759640824, 36.98917212938977, 12.622069898388872, 10.032001956242311, 1.7012582983879838, 5.941941694902198, 5.083178506101831, 2.8546791073895292],
"numWorkings":[0, 1000, 948, 973, 863, 772, 978, 904, 991, 986, 960, 978, 983, 320, 955, 118, 977, 979, 1000, 1000, 1000],
"totalWorkingTimes":[0, 51907163, 48663961, 50545262, 42470629, 47299541, 45677662, 46817739, 51065386, 44142795, 47860852, 49201627, 45607941, 47563528, 48633020, 37408001, 47644148, 49910445, 50904096, 49298786, 49898739]}