	@{"problemName":"rc110_1.txt",
"populationK":160,
"lsRunTime":70000,
"addFirstNeighborhoods":true,
"numHelperNeighborhoods":0,
"numRounds":20,
"numMappers":200,
"roundLengths":[0, 89812, 111073, 80128, 93648, 99659, 95627, 78983, 83466, 94819, 81485, 99262, 84463, 86491, 89530, 143764, 90688, 100660, 84873, 86994, 88604],
"bestSolCosts":[69475.54070445185, 49969.07527354679, 49180.326726355896, 48737.51822098009, 48640.52810427374, 48575.41333690204, 48509.44644122951, 48400.39593735282, 48318.67402106652, 48282.67762321841, 48260.7339184798, 48151.59416377149, 48110.53282452806, 48101.62711796638, 48063.6695833605, 47964.9871985351, 47846.55296970066, 47804.68433522888, 47773.81477942291, 47743.64468138472, 47695.53653804181],
"helperTimes":[0, 0, 23, 19, 27, 32, 446, 28, 36, 53, 61, 21, 27, 32, 54, 27, 60, 71, 25, 55, 101],
"regularTimes":[0, 60905, 54974, 55542, 52023, 60625, 57263, 54977, 54787, 53211, 56578, 55977, 55217, 57677, 55485, 55308, 55565, 51353, 56762, 53641, 55594],
"helperSuccessfuls":[0, 0, 0, 0, 0, 0, 0, 0, 1, 0, 0, 0, 0, 0, 1, 0, 1, 0, 0, 1, 1],
"helperTrieds":[0, 0, 1, 1, 1, 1, 1, 1, 1, 1, 1, 1, 1, 1, 1, 1, 1, 1, 1, 1, 1],
"regularSuccessfuls":[0, 1512, 115, 53, 29, 26, 32, 14, 25, 7, 8, 12, 11, 7, 21, 10, 19, 19, 14, 11, 14],
"regularTrieds":[0, 10279, 3623, 4157, 4192, 9310, 6599, 9417, 6348, 6901, 7366, 7952, 6950, 4018, 5500, 6717, 6345, 4867, 7643, 7624, 7801],
"helperImprovements":[0.0, 0.0, 0.0, 0.0, 0.0, 0.0, 0.0, 0.0, 3.685351292057021, 0.0, 0.0, 0.0, 0.0, 0.0, 2.8400998264114605, 0.0, 1.572071399401466, 0.0, 0.0, 0.17333257782593137, 18.23189642824582],
"regularImprovements":[0.0, 23836.577962993302, 788.7485471908949, 442.8085053758041, 96.99011670635082, 65.11476737169869, 106.37642881484499, 109.05050387669326, 78.0365649942396, 35.996397848110064, 21.94370473861636, 112.74963694571488, 41.061339243431576, 8.905706561679835, 53.01321661080874, 98.68238482539891, 116.86215743503999, 41.86863447177893, 64.05333589190559, 55.70381201519194, 60.04634495285427],
"numWorkings":[0, 200, 200, 193, 197, 200, 191, 197, 195, 200, 200, 198, 191, 196, 199, 200, 198, 200, 192, 192, 200],
"totalWorkingTimes":[0, 12310130, 11368022, 10840219, 10402717, 11636129, 11138928, 11005166, 10712587, 10818107, 11442198, 11241579, 10554567, 8023265, 11254271, 11181263, 11176184, 10472641, 10941727, 10419417, 11217811]}