{"problemName":"rc110_1.txt",
"populationK":160,
"lsRunTime":70000,
"addFirstNeighborhoods":true,
"numHelperNeighborhoods":0,
"numRounds":20,
"numMappers":200,
"roundLengths":[0, 108864, 99960, 81122, 80485, 83618, 80628, 90117, 79469, 80467, 79499, 81571, 78474, 79475, 82612, 77466, 81151, 84485, 78492, 86714, 102501],
"bestSolCosts":[68594.04787639032, 50128.9841004464, 49450.76083768751, 49126.40590313817, 49005.75832813241, 48772.929052874904, 48661.67265088254, 48491.04813467086, 48391.12793339897, 48230.94160232592, 48106.8190284198, 48019.74103088109, 47928.60258465218, 47900.11257045453, 47866.53442190609, 47820.57199585593, 47714.06271307235, 47671.2084205943, 47617.245012803825, 47562.74903023607, 47540.56242549602],
"helperTimes":[0, 0, 42, 17, 65, 45, 57, 16, 25, 29, 23, 33, 16, 27, 37, 40, 210, 75, 777, 24, 44],
"regularTimes":[0, 61217, 56857, 57431, 53594, 47234, 52208, 58262, 56135, 58236, 57566, 55202, 57862, 58695, 58237, 53806, 50717, 55883, 50196, 55156, 58226],
"helperSuccessfuls":[0, 0, 0, 0, 0, 0, 0, 0, 0, 0, 0, 0, 0, 0, 0, 0, 1, 0, 1, 0, 0],
"helperTrieds":[0, 0, 1, 1, 1, 1, 1, 1, 1, 1, 1, 1, 1, 1, 1, 1, 1, 1, 1, 1, 1],
"regularSuccessfuls":[0, 1373, 119, 46, 80, 28, 31, 42, 44, 31, 31, 18, 24, 4, 17, 16, 30, 17, 19, 14, 6],
"regularTrieds":[0, 9058, 4110, 8615, 3203, 6435, 4531, 8201, 7003, 5445, 6875, 5758, 8706, 10159, 11221, 10273, 6910, 8990, 10217, 11996, 12602],
"helperImprovements":[0.0, 0.0, 0.0, 0.0, 0.0, 0.0, 0.0, 0.0, 0.0, 0.0, 0.0, 0.0, 0.0, 0.0, 0.0, 0.0, 2.137613064114703, 0.0, 7.309260562346026, 0.0, 0.0],
"regularImprovements":[0.0, 26029.461403277128, 678.2232627588965, 324.3549345493375, 324.5127625603418, 232.8292752575071, 170.61221758121246, 170.62451621167565, 186.086759544065, 160.18633107305504, 124.12257390611921, 87.07799753871222, 167.44488462289155, 28.49001419765409, 33.57814854843309, 45.96242605016596, 104.37166971946135, 58.48177118862077, 46.65414722813148, 54.49598256775789, 22.186604740047187],
"numWorkings":[0, 200, 200, 198, 199, 198, 200, 197, 194, 199, 200, 200, 200, 193, 189, 199, 198, 197, 200, 198, 200],
"totalWorkingTimes":[0, 12425604, 11665542, 11620868, 10813038, 9522635, 10615183, 11547861, 10943025, 11709009, 11644634, 11413524, 11616875, 11412265, 11037514, 10842314, 10297989, 11033660, 10243526, 10948480, 11600843]}