{"problemName":"rc110_1.txt",
"populationK":180,
"lsRunTime":70000,
"addFirstNeighborhoods":true,
"numHelperNeighborhoods":0,
"numRounds":20,
"numMappers":200,
"roundLengths":[0, 103968, 164960, 82630, 94604, 84487, 86119, 77484, 79472, 85536, 78565, 80622, 77506, 81830, 77461, 78701, 104706, 86536, 79610, 81340, 77707],
"bestSolCosts":[69664.63624570784, 49817.01266241572, 49046.06879123896, 48630.0646492272, 48398.10354418761, 48274.733709317275, 48143.76626150328, 47834.02771024717, 47804.995681468245, 47796.381906725146, 47763.790117712815, 47717.328090114206, 47693.97072242134, 47668.3144580571, 47636.525128506975, 47621.354825776936, 47616.563320348134, 47608.073150258824, 47592.56436429828, 47571.31588512676, 47569.49087311401],
"helperTimes":[0, 0, 22, 23, 51, 277, 22, 28, 28, 20, 33, 36, 45, 78, 31, 22, 62, 68, 168, 59, 46],
"regularTimes":[0, 60989, 60339, 55869, 41075, 55626, 56248, 52760, 57719, 57572, 52695, 58431, 53658, 56587, 53198, 57390, 56051, 55736, 47914, 57748, 55702],
"helperSuccessfuls":[0, 0, 0, 0, 0, 0, 0, 0, 0, 0, 0, 1, 0, 0, 0, 0, 0, 0, 1, 0, 0],
"helperTrieds":[0, 0, 1, 1, 1, 1, 1, 1, 1, 1, 1, 1, 1, 1, 1, 1, 1, 1, 1, 1, 1],
"regularSuccessfuls":[0, 1333, 106, 100, 44, 25, 25, 45, 10, 7, 7, 10, 6, 8, 12, 4, 2, 1, 7, 4, 1],
"regularTrieds":[0, 6239, 2632, 3468, 6687, 14472, 8160, 10101, 9651, 12598, 9120, 10609, 9903, 10031, 13044, 10370, 7427, 8992, 7915, 11093, 13088],
"helperImprovements":[0.0, 0.0, 0.0, 0.0, 0.0, 0.0, 0.0, 0.0, 0.0, 0.0, 0.0, 4.824163184661302, 0.0, 0.0, 0.0, 0.0, 0.0, 0.0, 4.50637525129423, 0.0, 0.0],
"regularImprovements":[0.0, 23487.72315907405, 770.943871176758, 416.0041420117632, 231.96110503959062, 123.36983487033285, 130.9674478139932, 309.7385512561159, 29.032028778921813, 33.475335715505935, 32.59178901233099, 41.63786441394768, 23.3573676928645, 36.18012425319466, 31.78932955012715, 15.170302730039111, 4.791505428802338, 8.490170089309686, 31.54564372592722, 21.248479171525105, 1.8250120127486298],
"numWorkings":[0, 199, 200, 198, 200, 200, 198, 196, 198, 196, 200, 199, 200, 200, 185, 194, 198, 199, 195, 200, 198],
"totalWorkingTimes":[0, 12311711, 11690251, 11186520, 8716179, 11424002, 11216708, 10880674, 11598921, 11327776, 10824830, 10748613, 10921087, 11527776, 9801147, 10944732, 11289453, 11274574, 9203100, 11586313, 10898606]}