	{"problemName":"rc110_1.txt",
"populationK":180,
"lsRunTime":70000,
"addFirstNeighborhoods":true,
"numHelperNeighborhoods":0,
"numRounds":20,
"numMappers":200,
"roundLengths":[0, 93797, 83904, 89265, 94651, 77810, 84729, 78657, 83524, 79602, 78627, 79192, 77517, 79509, 78585, 77667, 79954, 80522, 82636, 119889, 79167],
"bestSolCosts":[68140.20686184571, 49788.47879576061, 49285.36285113572, 48865.7097948254, 48542.965112369246, 48450.4641519928, 48318.82229700515, 48218.74235118922, 48162.93510828895, 48072.989617093226, 48042.2727552343, 48024.67756399268, 47985.27886980141, 47931.96556734321, 47922.49615294975, 47906.86529970652, 47886.00021743879, 47863.70072426551, 47841.59269966048, 47796.111661703144, 47759.40534889471],
"helperTimes":[0, 0, 19, 31, 106, 43, 48, 30, 23, 33, 27, 60, 70, 44, 83, 22, 59, 19, 44, 21, 37],
"regularTimes":[0, 61128, 57316, 56522, 55910, 56002, 56207, 54351, 53996, 57290, 56219, 57201, 53069, 53819, 56927, 58317, 54268, 59453, 49407, 54158, 50508],
"helperSuccessfuls":[0, 0, 0, 0, 1, 0, 0, 0, 0, 0, 0, 0, 0, 0, 0, 0, 0, 0, 0, 0, 0],
"helperTrieds":[0, 0, 1, 1, 1, 1, 1, 1, 1, 1, 1, 1, 1, 1, 1, 1, 1, 1, 1, 1, 1],
"regularSuccessfuls":[0, 1421, 101, 119, 63, 16, 35, 22, 11, 10, 13, 7, 24, 18, 16, 4, 12, 4, 10, 15, 12],
"regularTrieds":[0, 8994, 8788, 5123, 12058, 13503, 9314, 12514, 11176, 11518, 14366, 12873, 8476, 11413, 9606, 12075, 10086, 11726, 7685, 13082, 9207],
"helperImprovements":[0.0, 0.0, 0.0, 0.0, 12.80172675193171, 0.0, 0.0, 0.0, 0.0, 0.0, 0.0, 0.0, 0.0, 0.0, 0.0, 0.0, 0.0, 0.0, 0.0, 0.0, 0.0],
"regularImprovements":[0.0, 26773.68687653564, 503.115944624893, 426.7124838483869, 309.942955704224, 92.50096037644835, 176.21502978705394, 100.07994581593084, 55.807242900271376, 89.94549119572184, 30.716861858927587, 17.59519124162034, 209.77840781019768, 53.31330245819845, 25.16514086600364, 15.630853243230376, 20.86508226773003, 58.795428684243234, 39.31929968344048, 45.48103795733914, 73.61924214760074],
"numWorkings":[0, 200, 200, 193, 193, 200, 199, 197, 198, 199, 198, 200, 199, 198, 195, 194, 195, 195, 194, 200, 197],
"totalWorkingTimes":[0, 12356971, 11529006, 11052315, 10757048, 11405846, 11452076, 10834816, 10696594, 11592233, 11338108, 11529214, 10650847, 10453894, 11227137, 11132492, 10807908, 11319891, 9575323, 10775980, 10183788]}