	o{"problemName":"rc110_1.txt",
"populationK":1,
"lsRunTime":70000,
"addFirstNeighborhoods":true,
"numHelperNeighborhoods":300,
"numRounds":20,
"numMappers":100,
"roundLengths":[0, 88809, 78710, 78574, 80614, 76501, 81517, 74553, 80781, 87514, 94654, 86637, 80487, 81487, 80437, 95548, 99505, 81553, 96555, 86669, 79284],
"bestSolCosts":[69205.06229020563, 49794.31433060927, 49125.56459710415, 48884.46471112924, 48738.13559907583, 48528.30754943975, 48429.036291270066, 48236.701117954086, 48205.41071909102, 48086.360230908795, 47967.521283478636, 47904.07600797331, 47882.1614423067, 47705.02516992689, 47694.686858477246, 47677.70913473366, 47673.182168784966, 47673.182168784966, 47673.182168784966, 47673.182168784966, 47673.182168784966],
"helperTimes":[0, 0, 579, 1565, 3117, 1546, 3947, 735, 1547, 1221, 1960, 1520, 3041, 2228, 2699, 1062, 1357, 2560, 0, 0, 0],
"regularTimes":[0, 61324, 56695, 56816, 52562, 44662, 43671, 53704, 54238, 50802, 53771, 56994, 56058, 50634, 52715, 51122, 55094, 54491, 55437, 59401, 58826],
"helperSuccessfuls":[0, 0, 2, 3, 0, 3, 0, 10, 0, 6, 0, 8, 1, 9, 0, 1, 7, 0, 0, 0, 0],
"helperTrieds":[0, 0, 301, 301, 301, 301, 301, 301, 301, 301, 301, 301, 301, 202, 301, 301, 285, 301, 0, 0, 0],
"regularSuccessfuls":[0, 1582, 123, 66, 61, 57, 28, 25, 18, 16, 38, 15, 5, 26, 5, 6, 0, 0, 0, 0, 0],
"regularTrieds":[0, 10020, 4460, 10243, 9120, 6703, 9547, 11990, 12847, 11726, 9517, 12418, 11303, 8875, 11014, 12862, 11592, 10696, 14497, 13454, 13673],
"helperImprovements":[0.0, 0.0, 2.6480780308920657, 1.163076098448073, 0.0, 17.311441605597793, 0.0, 74.7526574507574, 0.0, 22.568571458235965, 0.0, 26.624935910120257, 0.4561573496830533, 7.60248339924874, 0.0, 1.8876342661242234, 4.526965948694851, 0.0, 0.0, 0.0, 0.0],
"regularImprovements":[0.0, 27576.295329091357, 666.1016554742237, 239.93680987646076, 146.32911205341225, 192.51660803048435, 99.27125816968328, 117.58251586522238, 31.290398863064183, 96.48191672399116, 118.83894743015844, 36.82033959520777, 21.45840831692476, 169.53378898055962, 10.338311449646426, 15.090089477460424, 0.0, 0.0, 0.0, 0.0, 0.0],
"numWorkings":[0, 100, 100, 94, 97, 94, 91, 92, 97, 99, 93, 95, 93, 100, 99, 98, 100, 98, 100, 100, 100],
"totalWorkingTimes":[0, 6186118, 5630547, 5440681, 5417284, 4611373, 4611917, 5019359, 5485911, 5231020, 5326246, 5496664, 5542915, 5378274, 5497043, 5235179, 5451151, 5649039, 5592547, 5637488, 5465683]}