	Ý{"problemName":"rc110_1.txt",
"populationK":1,
"lsRunTime":70000,
"addFirstNeighborhoods":true,
"numHelperNeighborhoods":300,
"numRounds":20,
"numMappers":100,
"roundLengths":[0, 98836, 115114, 80622, 77482, 80892, 89529, 99610, 94517, 87667, 77550, 82459, 85482, 89778, 81525, 115114, 88594, 79570, 79695, 83282, 79714],
"bestSolCosts":[69681.41668516789, 49885.814017020624, 48925.05600270181, 48662.99569720296, 48526.462937738266, 48412.28046565774, 48366.63377161632, 48242.696973372105, 48182.19213157437, 48158.33548049837, 48142.67395066632, 48137.79294739191, 48134.797522217305, 48124.303462485994, 48083.335971166234, 48037.16831933495, 48022.42399751304, 48000.90618480513, 47968.993794432405, 47820.005152547754, 47714.8302196217],
"helperTimes":[0, 0, 749, 1691, 1262, 1768, 2797, 1322, 759, 1365, 4306, 1757, 320, 0, 914, 2955, 1898, 3288, 1098, 1568, 611],
"regularTimes":[0, 61629, 56333, 54255, 55977, 55090, 51426, 53587, 56569, 56505, 49189, 55051, 57571, 55507, 54627, 52859, 52285, 49999, 57229, 58461, 58547],
"helperSuccessfuls":[0, 0, 0, 4, 3, 9, 0, 6, 0, 1, 2, 0, 0, 0, 4, 2, 1, 4, 1, 1, 4],
"helperTrieds":[0, 0, 301, 301, 301, 301, 301, 301, 301, 301, 301, 301, 40, 0, 111, 301, 293, 271, 301, 301, 132],
"regularSuccessfuls":[0, 1270, 193, 69, 15, 31, 16, 27, 16, 16, 4, 2, 3, 5, 7, 13, 3, 6, 5, 16, 23],
"regularTrieds":[0, 7191, 6667, 5441, 9534, 8287, 5962, 6590, 6280, 7072, 6621, 7723, 7874, 7855, 7052, 8595, 10085, 8766, 10981, 10979, 13532],
"helperImprovements":[0.0, 0.0, 0.0, 7.0113409927726025, 20.13087267541414, 8.216447409678949, 0.0, 23.89507389919163, 0.0, 1.0348521434134454, 5.558414137456566, 0.0, 0.0, 0.0, 1.6679353960062144, 0.4587773793027736, 5.143758222591714, 4.844290586122952, 1.4309475451373146, 0.1445178111171117, 4.131229092476133],
"regularImprovements":[0.0, 23697.76725117061, 960.758014318817, 255.0489645060734, 116.40188678928098, 105.96602467084449, 45.64669404142478, 100.04172434502107, 60.504841797737754, 22.821798932585807, 10.103115694590088, 4.881003274414979, 2.9954251746021328, 10.4940597313107, 39.29955592375336, 45.70887445197877, 9.600563599320594, 16.673522121789574, 30.48144282758585, 148.84412407353375, 101.04370383358037],
"numWorkings":[0, 100, 100, 96, 95, 97, 93, 94, 98, 95, 96, 93, 100, 100, 100, 100, 100, 100, 100, 94, 100],
"totalWorkingTimes":[0, 6234719, 5829211, 5215735, 5464175, 5538502, 4424355, 5324848, 5717744, 5621672, 5217109, 5285723, 5859530, 5606765, 5578147, 5681195, 5409281, 5366316, 5896141, 5486857, 5932420]}