	ß{"problemName":"rc110_1.txt",
"populationK":1,
"lsRunTime":70000,
"addFirstNeighborhoods":true,
"numHelperNeighborhoods":300,
"numRounds":20,
"numMappers":20,
"roundLengths":[0, 128840, 97991, 75592, 78488, 75511, 78552, 77789, 78543, 78581, 80562, 78513, 75569, 82467, 79839, 80639, 80472, 79464, 80677, 79602, 76375],
"bestSolCosts":[70866.76618205717, 50673.84744211688, 49777.11819264938, 49301.65786925242, 49150.34051196683, 48952.34130156091, 48807.14213333425, 48652.319629419624, 48575.077545437925, 48485.173823582656, 48447.869035928554, 48361.148784224584, 48313.19139093689, 48273.77335127111, 48236.59347217508, 48231.522367132886, 48219.026552828436, 48208.027633207, 48208.027633207, 48193.630999736655, 48193.38281277984],
"helperTimes":[0, 0, 549, 4378, 2088, 2760, 2097, 3658, 1189, 954, 1512, 1349, 1679, 2366, 3213, 1049, 837, 164, 579, 0, 53],
"regularTimes":[0, 62855, 53156, 54482, 50347, 56001, 52808, 54351, 58622, 53967, 51832, 39694, 53435, 30522, 53895, 55103, 53675, 58810, 54564, 50022, 54831],
"helperSuccessfuls":[0, 0, 1, 3, 4, 11, 2, 16, 2, 5, 1, 12, 3, 3, 12, 3, 0, 5, 0, 0, 0],
"helperTrieds":[0, 0, 301, 301, 301, 301, 301, 301, 301, 180, 184, 115, 301, 125, 186, 245, 61, 8, 98, 0, 1],
"regularSuccessfuls":[0, 1164, 151, 72, 42, 50, 36, 32, 26, 13, 13, 20, 10, 13, 3, 2, 4, 2, 0, 9, 2],
"regularTrieds":[0, 5899, 2881, 3087, 6312, 6082, 4800, 4901, 6631, 6182, 5931, 5872, 8159, 4341, 11006, 10030, 11522, 10632, 12009, 9142, 9092],
"helperImprovements":[0.0, 0.0, 0.42773637994832825, 13.622608466357633, 9.234074648542446, 17.494359454984078, 1.9893061712937197, 46.382010799323325, 0.5656052850099513, 18.420122363313567, 0.8384324378275778, 33.78951513043285, 26.39369231765886, 0.5601483742793789, 15.144182111063856, 1.475863461571862, 0.0, 4.793134052910318, 0.0, 0.0, 0.0],
"regularImprovements":[0.0, 20192.918739940287, 896.3015130875501, 461.8377149306034, 142.08328263704607, 180.5048509509361, 143.2098620553661, 108.44049311530398, 76.67647869668872, 71.48359949195583, 36.46635521627468, 52.930736573536706, 21.563700970036734, 38.857891291496344, 22.035696984967217, 3.5952415806241333, 12.495814304449596, 6.205785568527062, 0.0, 14.396633470343659, 0.24818695681460667],
"numWorkings":[0, 20, 20, 19, 17, 18, 17, 18, 19, 20, 20, 20, 17, 12, 20, 20, 20, 20, 20, 20, 20],
"totalWorkingTimes":[0, 1245480, 1153197, 1070547, 944474, 1000020, 955278, 1052838, 1044805, 1081794, 1077932, 837365, 943249, 931315, 1140836, 1134624, 1100523, 1150891, 1131964, 1091716, 1094757]}