	Ã{"problemName":"rc110_1.txt",
"populationK":1,
"lsRunTime":70000,
"addFirstNeighborhoods":true,
"numHelperNeighborhoods":300,
"numRounds":20,
"numMappers":20,
"roundLengths":[0, 80813, 80847, 77613, 76626, 73686, 78476, 81567, 79507, 79576, 79592, 81524, 78914, 79550, 81527, 74475, 79455, 80437, 78489, 81591, 79584],
"bestSolCosts":[71753.41083005586, 50483.576769633764, 49483.36620611273, 49061.04596656537, 48764.72434664364, 48707.66115573088, 48554.45731175963, 48469.068068467146, 48452.21035845965, 48445.06794763124, 48325.80419645666, 48252.677225967076, 48206.3290300602, 48128.636913269474, 48064.046926489675, 48051.42172970117, 48043.111255869626, 48024.40305906428, 48018.38226104976, 47983.83291418267, 47959.14604762028],
"helperTimes":[0, 0, 709, 1427, 1174, 1918, 1019, 1305, 704, 410, 59, 680, 1331, 591, 588, 2445, 293, 336, 0, 0, 138],
"regularTimes":[0, 62194, 51334, 50938, 51530, 52319, 55615, 56012, 56966, 58617, 60649, 60177, 55735, 56070, 60213, 45677, 54595, 58403, 56613, 53649, 56036],
"helperSuccessfuls":[0, 0, 0, 3, 6, 4, 8, 4, 3, 0, 2, 4, 6, 1, 5, 0, 3, 0, 0, 0, 1],
"helperTrieds":[0, 0, 301, 301, 301, 301, 157, 301, 237, 86, 4, 75, 301, 227, 67, 301, 23, 87, 0, 0, 12],
"regularSuccessfuls":[0, 1491, 139, 93, 58, 14, 15, 19, 1, 1, 10, 23, 15, 11, 19, 4, 3, 3, 5, 3, 12],
"regularTrieds":[0, 8091, 3845, 3821, 8416, 11306, 8562, 12527, 12382, 10875, 8843, 7585, 10831, 12455, 12516, 8380, 11199, 13527, 12671, 10031, 14127],
"helperImprovements":[0.0, 0.0, 0.0, 8.057988943342934, 12.910589326398622, 25.960709951381432, 13.938548058453307, 15.773616772596142, 14.159965118218679, 0.0, 5.959877118380973, 2.0920354452973697, 10.192175455311371, 0.7822500114853028, 16.99959935236984, 0.0, 5.812444725626847, 0.0, 0.0, 0.0, 0.25376168340153527],
"regularImprovements":[0.0, 27990.682834884596, 1000.2105635210319, 414.26225060402066, 283.41103059532907, 31.102480961380934, 139.2652959127954, 69.61562651988788, 2.69774488927942, 7.142410828404536, 113.30387405620422, 71.0349350442848, 36.156020451562654, 76.9098667792423, 47.59038742742996, 12.625196788503672, 2.498029105918249, 18.708196805346233, 6.020798014520551, 34.54934686709021, 24.43310487898998],
"numWorkings":[0, 19, 20, 18, 18, 18, 20, 20, 20, 20, 20, 20, 18, 20, 20, 18, 20, 20, 20, 20, 20],
"totalWorkingTimes":[0, 1185185, 1071153, 960316, 943667, 987833, 1142613, 1149019, 1159513, 1138240, 1202911, 1206070, 1027830, 1137929, 1201817, 906981, 1135102, 1082321, 1131853, 1172467, 1123191]}