	{"problemName":"rc110_1.txt",
"populationK":1,
"lsRunTime":70000,
"addFirstNeighborhoods":true,
"numHelperNeighborhoods":0,
"numRounds":20,
"numMappers":100,
"roundLengths":[0, 94324, 79937, 83078, 78771, 83004, 77826, 84142, 80810, 82681, 75702, 79852, 85538, 75857, 81870, 78807, 80825, 81641, 84870, 76904, 79707],
"bestSolCosts":[69485.60605426424, 50091.79970150773, 49100.699056551064, 48735.32315012121, 48511.12489575367, 48208.74243141043, 48097.41058863406, 47987.50225619672, 47884.177308536535, 47810.622340833375, 47757.856799522146, 47718.389435006466, 47698.502441874116, 47663.18613940502, 47601.37393306986, 47563.29627841117, 47560.04945146988, 47543.068299690894, 47534.9266961326, 47529.66444369524, 47504.92116517465],
"helperTimes":[0, 0, 20, 15, 27, 24, 105, 72, 56, 61, 67, 58, 57, 41, 59, 73, 30, 71, 114, 80, 60],
"regularTimes":[0, 63208, 55950, 55962, 56510, 57920, 48363, 47708, 53361, 48385, 50486, 41311, 49991, 38270, 52241, 48810, 57196, 52713, 50834, 54701, 48721],
"helperSuccessfuls":[0, 0, 0, 0, 0, 0, 0, 1, 0, 0, 0, 0, 0, 1, 0, 0, 0, 1, 1, 0, 0],
"helperTrieds":[0, 0, 1, 1, 1, 1, 1, 1, 1, 1, 1, 1, 1, 1, 1, 1, 1, 1, 1, 1, 1],
"regularSuccessfuls":[0, 1455, 149, 85, 60, 51, 33, 25, 33, 20, 6, 21, 10, 12, 12, 9, 4, 14, 7, 2, 3],
"regularTrieds":[0, 8202, 2154, 4059, 7793, 9364, 4568, 9553, 9264, 9283, 9647, 6308, 5049, 7237, 4572, 5781, 10002, 8160, 5312, 8975, 6933],
"helperImprovements":[0.0, 0.0, 0.0, 0.0, 0.0, 0.0, 0.0, 3.479618206823943, 0.0, 0.0, 0.0, 0.0, 0.0, 0.4099332171608694, 0.0, 0.0, 0.0, 0.4429334109372576, 1.8118677296224632, 0.0, 0.0],
"regularImprovements":[0.0, 24742.624448051487, 991.100644956663, 365.3759064298574, 224.19825436753308, 302.3824643432454, 111.3318427763661, 106.42871423051838, 103.32494766018499, 73.55496770315949, 52.765541311229754, 39.46736451567995, 19.886993132349744, 34.90636925193394, 61.812206335162045, 38.07765465868579, 3.246826941292966, 16.538218368048547, 6.32973582867271, 5.262252437358256, 24.74327852058923],
"numWorkings":[0, 100, 100, 94, 100, 97, 97, 99, 100, 100, 100, 100, 99, 100, 100, 100, 100, 99, 98, 95, 100],
"totalWorkingTimes":[0, 6375323, 5447404, 5294505, 5231359, 5685500, 4851550, 4808604, 5344400, 4987956, 5042541, 4664418, 5159054, 4025939, 5036148, 5161199, 4785662, 5398502, 5143135, 5000385, 4983474]}