	¬{"problemName":"rc110_1.txt",
"populationK":1,
"lsRunTime":70000,
"addFirstNeighborhoods":true,
"numHelperNeighborhoods":300,
"numRounds":20,
"numMappers":20,
"roundLengths":[0, 83841, 76891, 78615, 80595, 74965, 75568, 78475, 91533, 76472, 77649, 77071, 80474, 78524, 79639, 80449, 80131, 79653, 78486, 80708, 80572],
"bestSolCosts":[76559.82074292035, 51301.67266996687, 50434.11103281899, 50149.65820521469, 49917.15890539728, 49607.61195892686, 49376.451290537596, 49209.393187251255, 49004.07815188984, 48923.90154006929, 48818.41264251247, 48770.07721119507, 48736.586055046064, 48725.576972860974, 48707.835364418526, 48623.26568040893, 48557.2036545531, 48555.85462422372, 48553.34205882847, 48541.00963501328, 48462.798165044675],
"helperTimes":[0, 0, 655, 1611, 1369, 1897, 1462, 2039, 2421, 4429, 1493, 1355, 1170, 721, 822, 48, 1395, 1348, 0, 236, 479],
"regularTimes":[0, 60484, 52259, 51570, 50179, 43390, 23987, 54760, 56963, 39820, 56684, 53975, 56054, 56527, 53422, 56923, 53502, 58590, 59034, 55268, 55400],
"helperSuccessfuls":[0, 0, 0, 0, 18, 2, 11, 6, 14, 7, 2, 2, 0, 2, 0, 0, 7, 0, 0, 0, 1],
"helperTrieds":[0, 0, 301, 301, 301, 301, 301, 301, 301, 301, 232, 160, 137, 42, 92, 1, 153, 197, 0, 5, 23],
"regularSuccessfuls":[0, 1467, 156, 62, 18, 52, 30, 27, 23, 14, 20, 7, 3, 4, 4, 11, 9, 1, 5, 2, 4],
"regularTrieds":[0, 7943, 5808, 7918, 8148, 3115, 3451, 8866, 9180, 5897, 12650, 14130, 12745, 12368, 10389, 10836, 11975, 14602, 12094, 16075, 14154],
"helperImprovements":[0.0, 0.0, 0.0, 0.0, 158.20409554492653, 14.134373241038702, 82.88237027606374, 52.492235143246944, 84.08669920828834, 22.414248026594578, 8.699500904345769, 8.658162553685543, 0.0, 6.160329879756318, 0.0, 0.0, 47.10679346993129, 0.0, 0.0, 0.0, 4.716936029319186],
"regularImprovements":[0.0, 31004.550299695104, 867.5616371478827, 284.45282760429836, 74.29520427248644, 295.41257322938327, 148.2782981131968, 114.56586814309412, 121.22833615312993, 57.76236379395414, 96.78939665247162, 39.67726876371307, 33.49115614900802, 4.848752305333619, 17.741608442447614, 84.56968400959886, 18.955232385895215, 1.3490303293801844, 2.512565395249112, 12.33242381519085, 73.49453393928707],
"numWorkings":[0, 20, 20, 19, 20, 16, 8, 19, 18, 19, 20, 20, 20, 20, 20, 20, 20, 20, 20, 20, 20],
"totalWorkingTimes":[0, 1215152, 1052478, 1030736, 996729, 740448, 668346, 1081763, 1093997, 893604, 1116735, 1129020, 1136364, 1148406, 1101051, 1186478, 1092340, 1162446, 1166745, 1120056, 1101428]}