	{"problemName":"rc110_1.txt",
"populationK":1,
"lsRunTime":70000,
"addFirstNeighborhoods":true,
"numHelperNeighborhoods":0,
"numRounds":20,
"numMappers":20,
"roundLengths":[0, 84730, 84029, 99664, 74569, 79623, 96020, 77470, 73443, 75737, 79530, 83915, 78471, 80449, 79472, 74639, 78199, 82436, 77560, 79830, 77292],
"bestSolCosts":[69060.20717725155, 50274.28625093949, 49654.00366644904, 49293.64423801178, 49083.78383605318, 48956.14543016057, 48833.33344092285, 48704.783169961556, 48584.15875737056, 48537.11869202514, 48474.29514496827, 48411.36401327636, 48357.7860245735, 48330.336998740226, 48301.95663183032, 48293.82976480191, 48282.96413282355, 48268.69512885164, 48260.63000274563, 48248.436387078145, 48245.13428503281],
"helperTimes":[0, 0, 14, 25, 19, 30, 48, 15, 27, 32, 19, 27, 32, 23, 79, 25, 39, 23, 22, 27, 32],
"regularTimes":[0, 62183, 58790, 55702, 57997, 62925, 56405, 56855, 56375, 56157, 56173, 45100, 53307, 59129, 52272, 55483, 55878, 52469, 56014, 46414, 57927],
"helperSuccessfuls":[0, 0, 0, 0, 1, 0, 1, 0, 0, 0, 0, 0, 0, 0, 0, 0, 1, 0, 0, 1, 0],
"helperTrieds":[0, 0, 1, 1, 1, 1, 1, 1, 1, 1, 1, 1, 1, 1, 1, 1, 1, 1, 1, 1, 1],
"regularSuccessfuls":[0, 1456, 124, 71, 53, 28, 28, 32, 9, 14, 14, 15, 20, 8, 10, 5, 8, 8, 4, 2, 1],
"regularTrieds":[0, 7959, 4086, 5566, 6955, 5993, 7440, 7339, 12618, 10037, 10602, 7914, 6975, 9849, 10135, 10045, 10409, 8740, 10330, 10566, 10111],
"helperImprovements":[0.0, 0.0, 0.0, 0.0, 0.6741468147083651, 0.0, 1.412960752750223, 0.0, 0.0, 0.0, 0.0, 0.0, 0.0, 0.0, 0.0, 0.0, 0.4279198929289123, 0.0, 0.0, 0.8356715849367902, 0.0],
"regularImprovements":[0.0, 22567.86157290179, 620.282584490451, 360.35942843725934, 209.18625514388987, 127.63840589261235, 121.3990284849715, 128.55027096129197, 120.62441259099433, 47.04006534541986, 62.82354705686885, 62.931131691912015, 53.57798870286206, 27.44902583327348, 28.380366909907025, 8.126867028411652, 10.437712085426028, 14.269003971909115, 8.06512610601203, 11.357944082548784, 3.3021020453379606],
"numWorkings":[0, 20, 20, 19, 19, 19, 19, 19, 18, 18, 19, 20, 20, 20, 19, 19, 20, 20, 20, 20, 18],
"totalWorkingTimes":[0, 1239650, 1155989, 1099743, 1137051, 1123199, 1091102, 1080343, 1028811, 1025554, 1066080, 922517, 1080778, 1126727, 1000480, 1061237, 1097779, 1024925, 1136530, 1004726, 1012505]}