	R{"problemName":"rc110_1.txt",
"populationK":1,
"lsRunTime":70000,
"addFirstNeighborhoods":true,
"numHelperNeighborhoods":0,
"numRounds":20,
"numMappers":1400,
"roundLengths":[0, 129131, 109806, 90685, 80692, 79677, 84671, 79681, 85725, 79747, 78571, 79739, 80655, 94733, 94744, 85444, 84656, 94643, 105694, 90712, 94012],
"bestSolCosts":[68412.8475658044, 49469.54418576673, 48716.486899912044, 48473.75075563532, 48346.27014821814, 48185.35360069508, 48118.83289555329, 48045.77165504005, 47998.05908689587, 47921.49330236181, 47900.86249034207, 47818.010223478836, 47723.98715384002, 47615.654347443124, 47579.01448680403, 47566.47621475619, 47538.42916508703, 47522.80291115577, 47504.14491417448, 47484.8132341959, 47479.1025269618],
"helperTimes":[0, 0, 47, 17, 30, 31, 37, 90, 23, 37, 105, 33, 15, 43, 22, 34, 25, 20, 78, 238, 32],
"regularTimes":[0, 51344, 50605, 50828, 57675, 51970, 40859, 51424, 50799, 54018, 29310, 55066, 54424, 43579, 43872, 34691, 50628, 46952, 51155, 50812, 46745],
"helperSuccessfuls":[0, 0, 0, 0, 0, 0, 0, 0, 1, 1, 1, 0, 0, 1, 0, 0, 1, 0, 1, 0, 0],
"helperTrieds":[0, 0, 1, 1, 1, 1, 1, 1, 1, 1, 1, 1, 1, 1, 1, 1, 1, 1, 1, 1, 1],
"regularSuccessfuls":[0, 1462, 113, 64, 46, 40, 9, 26, 12, 39, 11, 18, 50, 16, 9, 8, 13, 6, 7, 2, 2],
"regularTrieds":[0, 8698, 4464, 4303, 12151, 8173, 6533, 8266, 9470, 6856, 4178, 9765, 9343, 3914, 5661, 4104, 5540, 5112, 4299, 5176, 5420],
"helperImprovements":[0.0, 0.0, 0.0, 0.0, 0.0, 0.0, 0.0, 0.0, 0.001410501601640135, 10.085820325140958, 5.156634817729355, 0.0, 0.0, 1.6273836990003474, 0.0, 0.0, 0.8669121517596068, 0.0, 2.518762818304822, 0.0, 0.0],
"regularImprovements":[0.0, 25295.607592924614, 753.0572858546875, 242.73614427672146, 127.48060741718655, 160.91654752305476, 66.52070514178922, 73.0612405132415, 47.711157642581384, 66.47996420892014, 15.474177202006103, 82.85226686323585, 94.0230696388171, 106.70542269789439, 36.63986063909397, 12.538272047837381, 27.180137517403637, 15.62625393125927, 16.139234162983485, 19.331679978582542, 5.710707234102301],
"numWorkings":[0, 997, 744, 856, 831, 812, 856, 959, 772, 800, 982, 793, 752, 734, 798, 861, 811, 850, 787, 807, 876],
"totalWorkingTimes":[0, 60666303, 52389435, 55604561, 55136125, 52840722, 52486627, 58421515, 53616640, 51997330, 60079278, 54068331, 51079047, 52136952, 54530390, 56508240, 51946267, 52108512, 53322407, 54911838, 54806095]}