	R{"problemName":"rc110_1.txt",
"populationK":1,
"lsRunTime":70000,
"addFirstNeighborhoods":true,
"numHelperNeighborhoods":0,
"numRounds":20,
"numMappers":1400,
"roundLengths":[0, 102549, 84819, 90703, 89725, 85014, 80749, 79625, 84691, 80565, 80861, 79687, 84620, 80850, 79578, 79676, 80358, 80534, 89568, 85537, 84575],
"bestSolCosts":[68506.60033223387, 49771.20181354592, 49019.193317507474, 48572.187994128755, 48295.63288431684, 48150.10704898137, 48075.54066565836, 47911.51000003705, 47759.21072716275, 47668.68106558538, 47592.56904423654, 47556.46075159163, 47498.39333372185, 47478.97941315868, 47462.278754277286, 47410.366168742694, 47233.625545413415, 47201.40251660828, 47127.63349443978, 47101.34391815147, 47092.97263463972],
"helperTimes":[0, 0, 13, 21, 13, 25, 18, 25, 23, 55, 35, 20, 17, 64, 32, 38, 87, 26, 18, 104, 22],
"regularTimes":[0, 55318, 53594, 44498, 54319, 45427, 51902, 46254, 45073, 33184, 46076, 42012, 54986, 53772, 50132, 46055, 57059, 30977, 57807, 17457, 46608],
"helperSuccessfuls":[0, 0, 0, 0, 0, 0, 0, 0, 1, 1, 0, 0, 0, 0, 1, 1, 0, 0, 0, 1, 1],
"helperTrieds":[0, 0, 1, 1, 1, 1, 1, 1, 1, 1, 1, 1, 1, 1, 1, 1, 1, 1, 1, 1, 1],
"regularSuccessfuls":[0, 1424, 106, 70, 70, 19, 20, 23, 32, 16, 27, 6, 16, 9, 8, 22, 17, 6, 14, 8, 5],
"regularTrieds":[0, 8433, 1759, 647, 4602, 4883, 7380, 4485, 6534, 3569, 5191, 5791, 10160, 8527, 8686, 5224, 2297, 3460, 9793, 3517, 7788],
"helperImprovements":[0.0, 0.0, 0.0, 0.0, 0.0, 0.0, 0.0, 0.0, 5.5532124025558005, 0.8557119548640912, 0.0, 0.0, 0.0, 0.0, 3.7326689124965924, 1.53091610683623, 0.0, 0.0, 0.0, 17.375219296205614, 0.7301673883921467],
"regularImprovements":[0.0, 24369.740835864402, 752.0084960384484, 447.00532337871846, 276.55510981191765, 145.52583533546567, 74.56638332301372, 164.03066562130698, 146.74606047174893, 89.67394962250546, 76.11202134883933, 36.10829264490894, 58.06741786978091, 19.413920563165448, 12.967989968899928, 50.381669427755696, 176.7406233292786, 32.22302880513598, 73.76902216849703, 8.91435699210706, 7.641116123355459],
"numWorkings":[0, 1145, 799, 824, 903, 957, 930, 815, 696, 812, 844, 847, 830, 777, 812, 840, 1088, 794, 769, 48, 804],
"totalWorkingTimes":[0, 66844477, 54675806, 54950429, 58134111, 59823112, 58898589, 54978878, 48853882, 55201075, 55969273, 49759568, 55873403, 53915487, 52180136, 55923535, 62007322, 54361882, 53849659, 19508042, 54911936]}