	`{"problemName":"rc110_1.txt",
"populationK":1,
"lsRunTime":70000,
"addFirstNeighborhoods":true,
"numHelperNeighborhoods":0,
"numRounds":20,
"numMappers":1000,
"roundLengths":[0, 92627, 124751, 78633, 91643, 109661, 79578, 100614, 78784, 80493, 79571, 91582, 78545, 79572, 80517, 80631, 80253, 90539, 78560, 80553, 79765],
"bestSolCosts":[67913.0536431725, 50148.939195566345, 49447.066514587554, 48799.51540857911, 48551.97333488704, 48418.52066118707, 48222.24961586861, 48054.005060846226, 47994.50655463844, 47937.383077753795, 47791.38246096269, 47732.493010015, 47691.079901323734, 47664.96567627137, 47633.173387484545, 47602.441044692365, 47585.054557086216, 47571.426251507655, 47556.44165375603, 47543.02076151295, 47523.62545845722],
"helperTimes":[0, 0, 15, 58, 37, 12, 56, 28, 29, 31, 16, 27, 23, 48, 30, 36, 33, 34, 62, 35, 41],
"regularTimes":[0, 53766, 54139, 47613, 47222, 53096, 47683, 47377, 47684, 55959, 55779, 43503, 52658, 55388, 52731, 55956, 52571, 56182, 47338, 50983, 45542],
"helperSuccessfuls":[0, 0, 0, 0, 0, 0, 0, 0, 0, 0, 0, 0, 0, 1, 1, 1, 1, 1, 1, 0, 0],
"helperTrieds":[0, 0, 1, 1, 1, 1, 1, 1, 1, 1, 1, 1, 1, 1, 1, 1, 1, 1, 1, 1, 1],
"regularSuccessfuls":[0, 1306, 124, 81, 52, 23, 38, 42, 25, 2, 21, 17, 9, 8, 13, 2, 7, 1, 14, 6, 7],
"regularTrieds":[0, 6291, 3030, 4019, 3915, 8759, 5006, 4713, 8133, 10630, 10042, 4575, 9228, 13135, 11147, 13204, 12856, 11840, 6331, 7586, 10110],
"helperImprovements":[0.0, 0.0, 0.0, 0.0, 0.0, 0.0, 0.0, 0.0, 0.0, 0.0, 0.0, 0.0, 0.0, 0.37395608934457414, 0.38827495579607785, 0.2557390371657675, 1.3083506061157095, 1.5692820878975908, 1.316677777802397, 0.0, 0.0],
"regularImprovements":[0.0, 23490.83133969693, 701.8726809787913, 647.5511060084464, 247.54207369206415, 133.452673699976, 196.27104531845544, 168.2445550223856, 59.498506207783066, 57.12347688464797, 146.00061679110513, 58.8894509476886, 41.41310869126755, 25.740268963018025, 31.40401383103017, 30.476603755014366, 16.078137000033166, 12.059023490663094, 13.667919973820972, 13.420892243084381, 19.39530305572407],
"numWorkings":[0, 1000, 759, 994, 998, 842, 998, 999, 1000, 986, 1000, 907, 931, 992, 945, 991, 1000, 932, 902, 933, 872],
"totalWorkingTimes":[0, 54902976, 45778381, 49371638, 50057208, 46355674, 48756604, 49518251, 49458382, 49565054, 49332696, 48742793, 47140725, 49475430, 47971142, 48555697, 49440048, 47946428, 44321655, 47716058, 46392405]}