	F{"problemName":"rc110_1.txt",
"populationK":1,
"lsRunTime":70000,
"addFirstNeighborhoods":true,
"numHelperNeighborhoods":0,
"numRounds":20,
"numMappers":1000,
"roundLengths":[0, 148150, 85082, 79817, 79536, 85600, 90573, 78622, 85739, 92663, 105594, 85543, 94622, 124629, 95528, 93842, 89597, 90545, 93603, 120641, 125650],
"bestSolCosts":[67441.39752707252, 49558.41727362129, 48801.45585620917, 48290.2701019266, 48029.85173365563, 47858.219930110994, 47618.62187450957, 47492.54732021832, 47399.174048047134, 47340.997766456036, 47287.389152961354, 47232.28665372082, 47174.12340579616, 47146.47564102411, 47102.502691643225, 47067.82662869389, 47031.183719440436, 46981.230524984785, 46966.21506340729, 46942.56811404809, 46929.41008244698],
"helperTimes":[0, 0, 12, 24, 33, 17, 31, 30, 63, 43, 30, 48, 16, 31, 178, 32, 38, 26, 43, 30, 138],
"regularTimes":[0, 56034, 53582, 53202, 46635, 55215, 44878, 44923, 46765, 52437, 49974, 48732, 42809, 47457, 43770, 46659, 45118, 56696, 52598, 56195, 55714],
"helperSuccessfuls":[0, 0, 0, 0, 0, 0, 0, 0, 0, 0, 0, 1, 0, 0, 1, 0, 1, 0, 1, 0, 1],
"helperTrieds":[0, 0, 1, 1, 1, 1, 1, 1, 1, 1, 1, 1, 1, 1, 1, 1, 1, 1, 1, 1, 1],
"regularSuccessfuls":[0, 1185, 138, 112, 59, 55, 51, 26, 23, 20, 16, 13, 10, 4, 10, 8, 11, 15, 7, 2, 3],
"regularTrieds":[0, 5583, 4027, 2701, 4279, 5120, 4398, 4916, 5627, 8116, 6446, 7290, 7431, 8401, 2797, 5864, 6426, 9433, 8003, 7381, 8073],
"helperImprovements":[0.0, 0.0, 0.0, 0.0, 0.0, 0.0, 0.0, 0.0, 0.0, 0.0, 0.0, 8.3953333556492, 0.0, 0.0, 2.669392700336175, 0.0, 0.951455561153125, 0.0, 1.293473590980284, 0.0, 4.961485471605556],
"regularImprovements":[0.0, 23481.001837483345, 756.9614174121234, 511.18575428256736, 260.41836827096995, 171.6318035446384, 239.59805560142559, 126.0745542912482, 93.37327217118582, 58.176281591098814, 53.60861349468178, 46.70716588488722, 58.16324792465457, 27.64776477205305, 41.303556680548354, 34.67606294933648, 35.69145369229955, 49.9531944556511, 13.72198798651516, 23.646949359201244, 8.196546129503986],
"numWorkings":[0, 1000, 935, 982, 988, 992, 993, 956, 960, 968, 921, 978, 820, 1000, 972, 977, 741, 974, 988, 989, 1000],
"totalWorkingTimes":[0, 55531371, 48340187, 49401010, 49822288, 49413809, 48946276, 48516749, 49684054, 48493217, 46570640, 49198970, 46116620, 49003330, 49630809, 48387862, 45021803, 49053997, 48601266, 48984601, 51272125]}