	ò{"problemName":"rc110_1.txt",
"populationK":1,
"lsRunTime":70000,
"addFirstNeighborhoods":true,
"numHelperNeighborhoods":300,
"numRounds":20,
"numMappers":1000,
"roundLengths":[0, 101998, 93785, 79705, 80065, 90704, 89758, 85717, 84123, 80668, 84972, 79654, 79707, 80706, 84795, 79662, 79627, 86045, 84650, 95753, 79669],
"bestSolCosts":[67690.94282329366, 49330.62616988019, 48477.51196609685, 48124.01032796765, 47918.5336828358, 47833.174975578935, 47723.31701666923, 47678.77963415369, 47618.96035772822, 47562.87461857313, 47479.71817875823, 47424.31563860485, 47378.689444391086, 47257.24884779722, 47175.728575471265, 47143.694629868376, 47076.997412060904, 47027.18289898692, 47009.094926062295, 46949.44524436186, 46930.356052096344],
"helperTimes":[0, 0, 839, 1305, 2048, 1047, 1917, 2176, 954, 1128, 974, 4131, 617, 1640, 1398, 5536, 1276, 851, 648, 988, 6391],
"regularTimes":[0, 51383, 51695, 51073, 56654, 50200, 45841, 45666, 52857, 51202, 49794, 45115, 53007, 50895, 47309, 38404, 56659, 52401, 52418, 50246, 49290],
"helperSuccessfuls":[0, 0, 0, 12, 1, 0, 13, 0, 8, 2, 3, 3, 0, 2, 5, 0, 6, 1, 0, 1, 0],
"helperTrieds":[0, 0, 301, 301, 301, 301, 301, 301, 301, 301, 301, 301, 301, 301, 301, 301, 301, 301, 301, 301, 301],
"regularSuccessfuls":[0, 1407, 126, 76, 51, 27, 23, 9, 14, 14, 9, 10, 6, 25, 15, 9, 12, 11, 5, 20, 8],
"regularTrieds":[0, 8126, 7277, 7360, 12811, 7386, 6582, 9816, 9597, 8960, 8126, 7429, 7637, 6978, 10956, 4456, 11258, 8624, 7331, 7746, 8075],
"helperImprovements":[0.0, 0.0, 0.0, 20.584487619940774, 0.13945536837854888, 0.0, 48.97021676595614, 0.0, 17.308813050396566, 9.802915288040822, 6.555300837244431, 11.749394193109765, 0.0, 6.035855343739968, 11.87960662421392, 0.0, 8.296886899712263, 0.6433363978576381, 0.0, 3.7203048224910162, 0.0],
"regularImprovements":[0.0, 26642.720931025928, 853.1142037833415, 332.91715050925995, 205.33718976347154, 85.35870725686254, 60.887742143750074, 44.53738251554023, 42.51046337507432, 46.28282386704814, 76.60113897765405, 43.653145960270194, 45.62619421376439, 115.40474125012406, 69.64066570174327, 32.03394560288871, 58.40033090775978, 49.17117667612911, 18.08797292462259, 55.9293768779462, 19.089192265513702],
"numWorkings":[0, 990, 872, 915, 776, 756, 975, 956, 874, 901, 932, 775, 892, 978, 980, 747, 745, 951, 931, 822, 730],
"totalWorkingTimes":[0, 55708383, 48970030, 49008183, 47636592, 47204595, 47389236, 50715750, 46348933, 48773437, 47051366, 45914667, 46469627, 51550651, 48183613, 44771473, 46846293, 48111775, 47383388, 48353619, 44756201]}