Ù{"problemName":"rc110_1.txt",
"populationK":1,
"lsRunTime":140000,
"addFirstNeighborhoods":true,
"numHelperNeighborhoods":0,
"numRounds":11,
"numMappers":200,
"roundLengths":[0, 178219, 159901, 155878, 160757, 146740, 149909, 148678, 154759, 150814, 156669, 149724],
"bestSolCosts":[69812.03388395139, 49114.20869716072, 48501.50094552776, 48184.63233008786, 48024.10829196812, 47873.20979374487, 47737.798872685686, 47584.85652139927, 47503.00849698472, 47440.30576359927, 47398.01693672726, 47368.09537211404],
"helperTimes":[0, 0, 17, 26, 20, 24, 40, 22, 23, 88, 37, 49],
"regularTimes":[0, 131525, 128379, 126028, 124166, 126920, 127455, 123466, 124747, 130162, 123245, 130135],
"helperSuccessfuls":[0, 0, 0, 0, 0, 0, 0, 0, 0, 0, 0, 0],
"helperTrieds":[0, 0, 1, 1, 1, 1, 1, 1, 1, 1, 1, 1],
"regularSuccessfuls":[0, 1563, 146, 80, 68, 39, 30, 42, 20, 14, 13, 6],
"regularTrieds":[0, 11743, 14319, 21931, 22101, 27215, 30145, 21259, 24697, 26824, 19665, 19795],
"helperImprovements":[0.0, 0.0, 0.0, 0.0, 0.0, 0.0, 0.0, 0.0, 0.0, 0.0, 0.0, 0.0],
"regularImprovements":[0.0, 25354.86188691121, 612.7077516329591, 316.8686154399038, 160.52403811973636, 150.8984982232505, 135.41092105918506, 152.94235128641594, 81.84802441454667, 62.70273338544939, 42.28882687201258, 29.921564613221562],
"numWorkings":[0, 200, 200, 194, 200, 200, 198, 200, 196, 200, 196, 195],
"totalWorkingTimes":[0, 26442613, 25692195, 24676339, 24837601, 25503012, 25205705, 24786329, 24501152, 25071800, 24137971, 24411161]}