×{"problemName":"rc110_1.txt",
"populationK":1,
"lsRunTime":140000,
"addFirstNeighborhoods":true,
"numHelperNeighborhoods":0,
"numRounds":11,
"numMappers":200,
"roundLengths":[0, 214219, 148801, 150194, 149877, 150712, 158797, 154895, 147916, 149609, 150673, 148646],
"bestSolCosts":[69089.69722350498, 49154.96712445056, 48315.76598068571, 48120.9227533814, 47971.981933118564, 47885.50358504457, 47769.14133215545, 47699.43089282048, 47669.742834864686, 47659.58445423515, 47583.9097423547, 47546.22354710924],
"helperTimes":[0, 0, 14, 26, 27, 19, 18, 30, 22, 34, 31, 37],
"regularTimes":[0, 131664, 126262, 126349, 118145, 126661, 125812, 125739, 126469, 126490, 124863, 125648],
"helperSuccessfuls":[0, 0, 0, 0, 0, 0, 0, 0, 0, 0, 0, 0],
"helperTrieds":[0, 0, 1, 1, 1, 1, 1, 1, 1, 1, 1, 1],
"regularSuccessfuls":[0, 1544, 220, 81, 42, 18, 31, 30, 13, 1, 15, 5],
"regularTrieds":[0, 15099, 11841, 26629, 26910, 12435, 15117, 23368, 29042, 35021, 23572, 24162],
"helperImprovements":[0.0, 0.0, 0.0, 0.0, 0.0, 0.0, 0.0, 0.0, 0.0, 0.0, 0.0, 0.0],
"regularImprovements":[0.0, 25381.978472809016, 839.2011437648471, 194.8432273043145, 148.94082026283286, 86.4783480739934, 116.36225288912101, 69.71043933497276, 29.68805795579101, 10.158380629538442, 75.67471188044874, 37.686195245456474],
"numWorkings":[0, 200, 200, 196, 199, 198, 200, 195, 195, 200, 200, 199],
"totalWorkingTimes":[0, 26510377, 25159494, 24769397, 23658655, 25109228, 25201249, 24624565, 24792215, 25327345, 25047597, 24941431]}