ñ{"problemName":"rc110_1.txt",
"populationK":1,
"lsRunTime":140000,
"addFirstNeighborhoods":true,
"numHelperNeighborhoods":0,
"numRounds":11,
"numMappers":200,
"roundLengths":[0, 158174, 173924, 160976, 189934, 179777, 238950, 151501, 153657, 150636, 149623, 149632],
"bestSolCosts":[68923.4576278072, 49586.2926681879, 48421.10373919781, 48174.48942535503, 48052.66892749666, 47933.52425065192, 47764.48865962945, 47682.3133756464, 47663.28721385147, 47635.13409299253, 47570.87471699604, 47542.77884026065],
"helperTimes":[0, 0, 13, 30, 25, 32, 34, 24, 150, 30, 34, 15],
"regularTimes":[0, 131652, 129770, 127806, 118345, 123623, 125266, 123325, 123969, 127765, 128535, 128629],
"helperSuccessfuls":[0, 0, 0, 0, 0, 0, 0, 0, 1, 0, 0, 1],
"helperTrieds":[0, 0, 1, 1, 1, 1, 1, 1, 1, 1, 1, 1],
"regularSuccessfuls":[0, 1479, 162, 57, 20, 39, 54, 21, 3, 4, 17, 8],
"regularTrieds":[0, 9677, 11233, 14369, 13570, 16093, 26343, 29409, 29489, 32899, 28766, 40060],
"helperImprovements":[0.0, 0.0, 0.0, 0.0, 0.0, 0.0, 0.0, 0.0, 5.103144408290973, 0.0, 0.0, 1.8724883933609817],
"regularImprovements":[0.0, 23985.256647622373, 1165.1889289900937, 246.61431384277967, 121.82049785836716, 119.14467684474221, 169.035591022468, 82.17528398305149, 13.923017386638094, 28.15312085894402, 64.2593759964875, 26.223388342026738],
"numWorkings":[0, 200, 200, 196, 190, 200, 199, 200, 200, 200, 198, 199],
"totalWorkingTimes":[0, 26414538, 25768522, 25207848, 22943619, 25178965, 25791636, 24764127, 24872005, 25557361, 25269153, 25611170]}