	{"problemName":"rc110_1.txt",
"populationK":2,
"lsRunTime":70000,
"addFirstNeighborhoods":true,
"numHelperNeighborhoods":0,
"numRounds":20,
"numMappers":100,
"roundLengths":[0, 95659, 83160, 83186, 77949, 78778, 80152, 83150, 77056, 79920, 79007, 78606, 79957, 81064, 79808, 79724, 82064, 77703, 81758, 83071, 77845],
"bestSolCosts":[69124.03901355912, 50099.42479828199, 49586.353647408796, 49066.08228893141, 48801.63753582196, 48586.700510889874, 48417.00432720411, 48275.594480695385, 48111.41415276998, 48018.283398031344, 47902.56015451629, 47854.46501354503, 47807.32421866112, 47755.59812010763, 47733.91065012448, 47722.41741490065, 47718.18419429382, 47715.99093198216, 47696.54896352408, 47641.97509720687, 47620.87093613589],
"helperTimes":[0, 0, 38, 52, 74, 23, 56, 91, 125, 32, 108, 109, 77, 82, 67, 108, 38, 54, 90, 99, 103],
"regularTimes":[0, 62814, 55295, 54462, 55804, 51447, 56231, 56083, 55563, 51480, 54973, 52554, 57923, 50235, 49172, 47808, 47949, 54504, 50697, 46065, 48555],
"helperSuccessfuls":[0, 0, 0, 0, 0, 0, 0, 0, 0, 0, 1, 1, 1, 0, 0, 0, 0, 0, 0, 1, 0],
"helperTrieds":[0, 0, 1, 1, 1, 1, 1, 1, 1, 1, 1, 1, 1, 1, 1, 1, 1, 1, 1, 1, 1],
"regularSuccessfuls":[0, 1435, 104, 87, 60, 37, 68, 35, 32, 32, 40, 10, 24, 5, 12, 5, 5, 2, 4, 8, 13],
"regularTrieds":[0, 9435, 3886, 4430, 5617, 4681, 5085, 6700, 6609, 4048, 7010, 7138, 7316, 5412, 4538, 7190, 5017, 8604, 5860, 4570, 5043],
"helperImprovements":[0.0, 0.0, 0.0, 0.0, 0.0, 0.0, 0.0, 0.0, 0.0, 0.0, 25.554156740945473, 1.620881677561556, 3.066778296873963, 0.0, 0.0, 0.0, 0.0, 0.0, 0.0, 0.9406714596989332, 0.0],
"regularImprovements":[0.0, 23184.870719431907, 513.0711508731911, 520.2713584773883, 264.44475310944836, 214.93702493208548, 230.7175853748049, 141.4098465087227, 164.1803279254018, 119.50357386977703, 96.67030906858417, 62.90046057458676, 58.445481032344105, 51.726098553488555, 21.687469983146002, 11.493235223832016, 4.60006993728166, 5.240145012263383, 19.441968458078918, 53.63319485750981, 21.1041610709799],
"numWorkings":[0, 100, 100, 99, 95, 100, 97, 100, 92, 100, 100, 100, 99, 97, 99, 100, 100, 84, 99, 98, 100],
"totalWorkingTimes":[0, 6353626, 5466161, 5458675, 5301396, 5245232, 4742581, 5734589, 5242089, 5225608, 5148595, 5278211, 5399189, 5131465, 5030721, 5064519, 4763087, 3632080, 5333402, 5028233, 5060044]}