&{"problemName":"rc110_1.txt",
"populationK":1,
"lsRunTime":140000,
"addFirstNeighborhoods":true,
"numHelperNeighborhoods":0,
"numRounds":11,
"numMappers":200,
"roundLengths":[0, 153076, 150801, 150030, 147732, 148318, 154749, 146756, 153753, 148338, 148659, 149718],
"bestSolCosts":[67913.0536431725, 49410.053767191865, 48969.83139996355, 48655.07206149899, 48530.17910099121, 48344.23184145845, 48154.405604119405, 48086.3158184748, 47995.96226466582, 47841.15245346141, 47754.126416054794, 47674.71587458873],
"helperTimes":[0, 0, 25, 220, 18, 19, 28, 52, 36, 80, 35, 151],
"regularTimes":[0, 133195, 128480, 128507, 127172, 125652, 126302, 123392, 126375, 124139, 118659, 125343],
"helperSuccessfuls":[0, 0, 0, 0, 0, 0, 1, 1, 1, 1, 0, 1],
"helperTrieds":[0, 0, 1, 1, 1, 1, 1, 1, 1, 1, 1, 1],
"regularSuccessfuls":[0, 1620, 100, 85, 26, 37, 27, 18, 15, 28, 12, 16],
"regularTrieds":[0, 14342, 19046, 26181, 30512, 31335, 32120, 31799, 31479, 33119, 31203, 29847],
"helperImprovements":[0.0, 0.0, 0.0, 0.0, 0.0, 0.0, 16.45877676321834, 6.196738231359632, 1.0766417624545284, 0.09540104131156113, 0.0, 0.8107364713214338],
"regularImprovements":[0.0, 33455.63638445343, 440.2223672283144, 314.7593384645588, 124.89296050777921, 185.94725953276065, 173.36746057582786, 61.89304741324304, 89.27691204653092, 154.71441016309836, 87.02603740661289, 78.59980499474477],
"numWorkings":[0, 200, 200, 200, 197, 200, 199, 193, 199, 200, 200, 199],
"totalWorkingTimes":[0, 26323609, 25667502, 25732551, 25067952, 25091354, 25119330, 23821833, 25137775, 24920403, 23941644, 24926295]}