	/{"problemName":"rc110_1.txt",
"populationK":1,
"lsRunTime":70000,
"addFirstNeighborhoods":true,
"numHelperNeighborhoods":0,
"numRounds":20,
"numMappers":20,
"roundLengths":[0, 81826, 81630, 79619, 80663, 80635, 78651, 71538, 80570, 79540, 75527, 81921, 80476, 73569, 77460, 75533, 78083, 78438, 81522, 77487, 80473],
"bestSolCosts":[69142.03344087563, 50317.71010584609, 49972.81141332868, 49775.647172767, 49608.15975888061, 49458.792351933516, 49377.47836193563, 49343.29485237737, 49329.99179039089, 49251.7886259557, 49173.79508021257, 49082.883752515845, 49021.16963864126, 48980.5276922598, 48952.78791580153, 48926.266635739856, 48886.85201110213, 48837.40665206569, 48804.509880815815, 48769.88053757007, 48718.081560629216],
"helperTimes":[0, 0, 22, 28, 69, 29, 26, 35, 42, 29, 28, 17, 64, 41, 16, 66, 35, 63, 18, 28, 22],
"regularTimes":[0, 61529, 56646, 54559, 55861, 58103, 55602, 45516, 48542, 56528, 54132, 60092, 60147, 53006, 61121, 53829, 58225, 18622, 60495, 57465, 56872],
"helperSuccessfuls":[0, 0, 0, 0, 1, 0, 0, 1, 1, 0, 1, 0, 1, 0, 0, 1, 0, 1, 0, 0, 0],
"helperTrieds":[0, 0, 1, 1, 1, 1, 1, 1, 1, 1, 1, 1, 1, 1, 1, 1, 1, 1, 1, 1, 1],
"regularSuccessfuls":[0, 1458, 116, 41, 44, 37, 29, 7, 4, 25, 20, 20, 23, 16, 16, 3, 6, 11, 15, 7, 8],
"regularTrieds":[0, 10645, 7092, 8702, 8211, 8123, 14421, 5899, 11984, 10106, 9519, 11203, 10901, 9899, 9641, 10225, 11811, 2391, 9591, 10620, 11111],
"helperImprovements":[0.0, 0.0, 0.0, 0.0, 2.384592337948561, 0.0, 0.0, 12.645243331768143, 3.0950729093383416, 0.0, 0.19639447396912146, 0.0, 9.15710565282643, 0.0, 0.0, 0.5441352317575365, 0.0, 10.433043702672876, 0.0, 0.0, 0.0],
"regularImprovements":[0.0, 21944.268097238186, 344.8986925174104, 197.16424056168034, 165.10282154844026, 149.36740694709442, 81.31398999788507, 21.53826622649649, 10.207989077134698, 78.2031644351955, 77.79715126915835, 90.9113276967255, 52.55700822176004, 40.64194638146, 27.73977645827108, 25.977144829914323, 39.414624637727684, 39.01231533376267, 32.89677124987793, 34.629343245745986, 51.7989769408523],
"numWorkings":[0, 20, 20, 20, 20, 20, 20, 18, 20, 20, 19, 20, 20, 17, 18, 18, 18, 3, 20, 19, 20],
"totalWorkingTimes":[0, 1202868, 1154574, 1105028, 1125535, 1112745, 1129207, 812519, 1005144, 1132558, 1046918, 1136446, 1127486, 787712, 1074606, 987818, 1043739, 498813, 1108234, 1081257, 1131457]}