	{"problemName":"rc110_1.txt",
"populationK":1,
"lsRunTime":70000,
"addFirstNeighborhoods":true,
"numHelperNeighborhoods":0,
"numRounds":20,
"numMappers":20,
"roundLengths":[0, 87938, 81613, 75647, 81635, 73671, 77604, 78544, 74536, 79467, 75529, 76004, 78549, 75470, 77502, 79519, 82096, 76445, 78551, 86525, 79450],
"bestSolCosts":[72691.50892053166, 50779.40835209031, 50210.94320857225, 49747.875372708615, 49436.462024059285, 49323.1937379126, 49229.67050089997, 49155.46148529531, 49073.66868977469, 48987.262129657334, 48918.66685415643, 48889.884453349114, 48823.03057474994, 48760.027860661045, 48735.6118241544, 48560.44333932276, 48355.40259145353, 48316.02574063814, 48249.67380971755, 48218.01803756938, 48199.69632970665],
"helperTimes":[0, 0, 19, 24, 26, 51, 26, 19, 40, 59, 30, 36, 29, 55, 44, 62, 48, 51, 18, 52, 43],
"regularTimes":[0, 59469, 57933, 53710, 60895, 55921, 58443, 44001, 60470, 55612, 59666, 41485, 51105, 46782, 60053, 54622, 57094, 22454, 55190, 56602, 55757],
"helperSuccessfuls":[0, 0, 0, 0, 0, 0, 0, 0, 1, 0, 0, 0, 0, 1, 0, 1, 1, 0, 0, 1, 0],
"helperTrieds":[0, 0, 1, 1, 1, 1, 1, 1, 1, 1, 1, 1, 1, 1, 1, 1, 1, 1, 1, 1, 1],
"regularSuccessfuls":[0, 1401, 121, 77, 82, 20, 24, 18, 22, 22, 27, 7, 14, 14, 10, 35, 47, 9, 13, 10, 11],
"regularTrieds":[0, 7297, 4103, 3765, 6260, 7502, 7403, 3943, 5255, 5949, 8683, 7500, 7905, 10662, 10911, 8355, 9513, 4007, 7934, 8181, 9375],
"helperImprovements":[0.0, 0.0, 0.0, 0.0, 0.0, 0.0, 0.0, 0.0, 2.827687929602689, 0.0, 0.0, 0.0, 0.0, 0.732352764956886, 0.0, 1.268346469682001, 12.834012790743145, 0.0, 0.0, 0.21282051879097708, 0.0],
"regularImprovements":[0.0, 28446.761023052095, 568.4651435180567, 463.067835863636, 311.41334864933015, 113.26828614668193, 93.52323701263231, 74.20901560466154, 78.96510759101511, 86.406560117357, 68.5952755009057, 28.782400807314843, 66.85387859917682, 62.270361323935504, 24.41603650664183, 173.90013836196158, 192.2067350784855, 39.376850815388025, 66.3519309205949, 31.442951629374875, 18.32170786273491],
"numWorkings":[0, 20, 20, 18, 20, 19, 19, 7, 19, 20, 19, 19, 19, 19, 19, 20, 20, 2, 20, 17, 20],
"totalWorkingTimes":[0, 1206097, 1180136, 982177, 1206150, 1068107, 1098381, 584846, 1105459, 1120536, 1105716, 826357, 1015510, 898941, 1120199, 1109061, 1143829, 418200, 1108009, 920773, 1126378]}