	Í{"problemName":"rc110_1.txt",
"populationK":1,
"lsRunTime":70000,
"addFirstNeighborhoods":true,
"numHelperNeighborhoods":300,
"numRounds":20,
"numMappers":20,
"roundLengths":[0, 82989, 80778, 72618, 73688, 72539, 81658, 78624, 80731, 75736, 77517, 79472, 72502, 80560, 80497, 79276, 79471, 79520, 81446, 79530, 81344],
"bestSolCosts":[73290.90368065533, 51465.64537593479, 50553.19425590478, 49823.97358249385, 49415.38568179181, 49327.94214559782, 49221.72641080449, 49150.26333642968, 49068.92865963014, 48995.914953200976, 48797.738126301774, 48676.194395794075, 48645.98409693413, 48614.33962030559, 48593.380484044974, 48576.7674078976, 48560.29535400956, 48544.8549863805, 48520.57587923611, 48496.775107447145, 48489.37226874221],
"helperTimes":[0, 0, 546, 1433, 959, 1235, 1139, 1859, 830, 1988, 1195, 903, 1093, 742, 481, 926, 600, 371, 223, 775, 879],
"regularTimes":[0, 59657, 58312, 53337, 54873, 55208, 54806, 56275, 55618, 49694, 54882, 57564, 47031, 56552, 56051, 54805, 48550, 36426, 58266, 45684, 52350],
"helperSuccessfuls":[0, 0, 1, 5, 5, 5, 12, 6, 4, 2, 2, 6, 2, 1, 0, 4, 0, 0, 0, 2, 0],
"helperTrieds":[0, 0, 301, 301, 301, 301, 224, 301, 141, 283, 140, 150, 301, 51, 27, 25, 117, 48, 18, 43, 47],
"regularSuccessfuls":[0, 1279, 156, 136, 60, 16, 25, 11, 19, 12, 17, 17, 3, 2, 7, 8, 7, 9, 10, 2, 4],
"regularTrieds":[0, 8182, 2122, 6879, 8823, 11848, 11052, 11804, 11968, 10608, 10187, 9715, 10872, 12347, 11291, 10761, 9439, 7590, 8909, 8675, 11988],
"helperImprovements":[0.0, 0.0, 1.7397922986347112, 34.72017807236989, 13.541833887218672, 4.981243244648795, 38.202777577935194, 30.528884529274364, 4.13912757133221, 9.303750427912746, 1.192399751082121, 32.7053560281347, 15.65272691280552, 1.256595595019462, 0.0, 6.733953015456791, 0.0, 0.0, 0.0, 4.700538511417108, 0.0],
"regularImprovements":[0.0, 26727.144664644424, 910.7113277313765, 694.5004953385651, 395.0460668148153, 82.46229294934164, 68.01295721539645, 40.93418984553864, 77.1955492282068, 63.70995600125025, 196.98442714811972, 88.83837447956466, 14.557571947138058, 30.387881033522717, 20.959136260615196, 9.879123131919187, 16.47205388803559, 15.440367629060347, 24.279107144393492, 19.100233277546067, 7.402838704932947],
"numWorkings":[0, 20, 20, 18, 18, 17, 20, 7, 20, 20, 20, 20, 18, 9, 20, 20, 20, 10, 20, 20, 20],
"totalWorkingTimes":[0, 1203904, 1201366, 993137, 1014410, 975558, 1145999, 661842, 1133841, 1039260, 1139689, 1119722, 942839, 742989, 1148669, 1120811, 1100978, 771078, 1186161, 940245, 1058922]}