	‘{"problemName":"rc110_1.txt",
"populationK":1,
"lsRunTime":70000,
"addFirstNeighborhoods":true,
"numHelperNeighborhoods":300,
"numRounds":20,
"numMappers":20,
"roundLengths":[0, 82890, 81611, 74660, 74600, 78267, 75516, 79622, 77624, 80518, 79562, 80539, 78780, 81484, 79479, 80144, 83542, 81461, 78515, 81554, 78472],
"bestSolCosts":[72916.74730791422, 50636.226738655314, 50039.95759344588, 49570.83599164849, 49343.66006742137, 49129.81871762946, 49042.587532986356, 48950.19524554495, 48920.92524531347, 48882.33258321431, 48812.32856920075, 48761.95995254301, 48649.80976852117, 48594.93207381765, 48498.76027628952, 48493.83089514951, 48490.27537216211, 48488.69863418603, 48488.69863418603, 48488.69863418603, 48488.69863418603],
"helperTimes":[0, 0, 673, 3494, 1833, 1851, 1523, 2454, 2231, 1884, 2601, 1392, 1989, 1184, 2114, 2628, 883, 237, 492, 0, 0],
"regularTimes":[0, 61827, 50293, 44332, 52637, 53453, 54192, 54742, 57521, 50731, 52386, 36167, 44999, 59176, 53314, 55317, 16251, 51996, 53837, 59756, 38864],
"helperSuccessfuls":[0, 0, 0, 13, 1, 21, 1, 16, 0, 11, 11, 6, 6, 4, 10, 1, 0, 1, 0, 0, 0],
"helperTrieds":[0, 0, 301, 301, 301, 301, 301, 191, 301, 120, 271, 263, 168, 243, 129, 296, 72, 4, 65, 0, 0],
"regularSuccessfuls":[0, 1397, 98, 82, 28, 71, 16, 6, 10, 6, 11, 7, 17, 5, 7, 4, 1, 3, 0, 0, 0],
"regularTrieds":[0, 8471, 847, 5713, 6628, 4174, 3950, 5810, 10795, 6931, 7647, 5481, 5960, 12094, 8704, 12213, 2651, 9355, 7777, 10136, 6547],
"helperImprovements":[0.0, 0.0, 0.0, 80.89339670951449, 3.6511027971937438, 69.4408246475432, 0.2704996908432804, 65.92852642966318, 0.0, 7.9885130619077245, 20.891522866935702, 7.194282230761019, 31.039834061775764, 5.767954970397113, 34.86344167446805, 0.7156246833474142, 0.0, 1.0695735115514253, 0.0, 0.0, 0.0],
"regularImprovements":[0.0, 30676.349367627452, 596.2691452094368, 388.2282050878712, 223.52482142992812, 144.40052514436684, 86.96068495226064, 26.463761011742463, 29.27000023148139, 30.604149037251773, 49.11249114662496, 43.17433442697802, 81.11034996006492, 49.109739733125025, 61.30835585366003, 4.213756456658302, 3.5555229874007637, 0.5071644645286142, 0.0, 0.0, 0.0],
"numWorkings":[0, 20, 20, 19, 17, 19, 18, 20, 16, 20, 20, 12, 20, 20, 20, 20, 0, 20, 20, 20, 20],
"totalWorkingTimes":[0, 1198226, 1024559, 949777, 945714, 985540, 1012483, 957276, 929153, 1055234, 1095434, 716095, 939930, 1177897, 1115714, 1123272, 372768, 1117561, 1110113, 1128838, 794955]}