	i{"problemName":"rc110_1.txt",
"populationK":1,
"lsRunTime":70000,
"addFirstNeighborhoods":true,
"numHelperNeighborhoods":0,
"numRounds":20,
"numMappers":200,
"roundLengths":[0, 128890, 85562, 94562, 80523, 84529, 85510, 79492, 80473, 79517, 80478, 79573, 79515, 80473, 85490, 79445, 80479, 79459, 80494, 80466, 79482],
"bestSolCosts":[67441.39752707252, 49579.11746679976, 48950.33555467566, 48615.10289387726, 48459.9052597613, 48364.6073036487, 48213.52721325712, 48141.19546279433, 48107.330532999295, 48090.660633164436, 48075.84172275698, 48043.01913709561, 48036.32427372915, 48019.49225852789, 47884.88257623149, 47855.05928879701, 47845.651914100476, 47833.214682235055, 47778.60346324523, 47752.50298859169, 47725.79455520751],
"helperTimes":[0, 0, 18, 16, 51, 31, 30, 31, 32, 99, 37, 38, 148, 23, 17, 46, 27, 23, 19, 20, 43],
"regularTimes":[0, 61071, 58822, 58183, 56367, 56418, 57114, 56793, 58135, 60569, 53704, 60348, 58874, 55478, 58313, 57136, 54627, 57521, 57813, 58458, 51225],
"helperSuccessfuls":[0, 0, 0, 0, 0, 1, 0, 0, 0, 1, 0, 1, 1, 0, 1, 1, 0, 0, 0, 0, 1],
"helperTrieds":[0, 0, 1, 1, 1, 1, 1, 1, 1, 1, 1, 1, 1, 1, 1, 1, 1, 1, 1, 1, 1],
"regularSuccessfuls":[0, 1521, 114, 71, 16, 10, 20, 10, 6, 7, 1, 8, 2, 5, 21, 10, 3, 4, 8, 4, 11],
"regularTrieds":[0, 9263, 3493, 7777, 12096, 11208, 11136, 11341, 12429, 13949, 13207, 10930, 13661, 13742, 10601, 9869, 11271, 10835, 13834, 13600, 9761],
"helperImprovements":[0.0, 0.0, 0.0, 0.0, 0.0, 21.986560198740335, 0.0, 0.0, 0.0, 0.36553163910866715, 0.0, 0.29437528557900805, 5.946605598583119, 0.0, 0.1975024773273617, 4.677475509379292, 0.0, 0.0, 0.0, 0.0, 2.1644518674875144],
"regularImprovements":[0.0, 23124.45417912797, 628.7819121241046, 335.2326607983996, 155.19763411596068, 73.31139591385727, 151.0800903915806, 72.33175046279212, 33.86492979503237, 16.304368195749703, 14.818910407455405, 32.528210375792696, 0.7482577678747475, 16.83201520126022, 134.4121798190754, 25.145811925096496, 9.407374696536863, 12.437231865420472, 54.61121898982674, 26.100474653540005, 24.54398151669011],
"numWorkings":[0, 199, 200, 200, 200, 200, 194, 200, 197, 194, 198, 199, 200, 197, 200, 197, 200, 200, 200, 200, 196],
"totalWorkingTimes":[0, 12259545, 11806480, 11669730, 11258058, 11338126, 11084327, 11436490, 11334286, 11356458, 10730559, 11619645, 11608834, 11031892, 11648026, 11295282, 10932647, 11586968, 11661635, 11653400, 10034711]}