	V{"problemName":"rc110_1.txt",
"populationK":1,
"lsRunTime":70000,
"addFirstNeighborhoods":true,
"numHelperNeighborhoods":0,
"numRounds":20,
"numMappers":200,
"roundLengths":[0, 83790, 79572, 85543, 95552, 77486, 79514, 85499, 79473, 80470, 80481, 79506, 79481, 80447, 79511, 80449, 79454, 77470, 80496, 80461, 80452],
"bestSolCosts":[67410.01618715291, 49433.70197350442, 48673.09438146515, 48228.373942054175, 48039.29029175694, 47953.739443733066, 47908.66763736114, 47893.0525991886, 47864.15185134791, 47808.1861950031, 47720.11022156748, 47703.1196933533, 47648.33498834655, 47637.980163106244, 47622.00270258884, 47587.27928909682, 47558.42552677222, 47553.30169694724, 47540.26339235595, 47410.19273369691, 47366.24990484427],
"helperTimes":[0, 0, 14, 20, 23, 379, 25, 48, 38, 37, 60, 113, 47, 15, 37, 26, 42, 78, 27, 22, 27],
"regularTimes":[0, 60922, 58903, 55567, 58311, 51301, 57121, 58463, 58847, 57479, 56037, 59463, 58421, 57049, 57998, 47800, 57468, 57757, 57152, 58144, 58054],
"helperSuccessfuls":[0, 0, 0, 0, 0, 0, 0, 0, 1, 0, 1, 0, 0, 0, 1, 0, 1, 1, 0, 1, 0],
"helperTrieds":[0, 0, 1, 1, 1, 1, 1, 1, 1, 1, 1, 1, 1, 1, 1, 1, 1, 1, 1, 1, 1],
"regularSuccessfuls":[0, 1345, 143, 72, 29, 17, 15, 1, 14, 11, 17, 5, 9, 6, 11, 4, 5, 4, 8, 14, 12],
"regularTrieds":[0, 6899, 5955, 9160, 10183, 10810, 11430, 14028, 13249, 11722, 10123, 8683, 9785, 14385, 12636, 10895, 14176, 13390, 13657, 12574, 12886],
"helperImprovements":[0.0, 0.0, 0.0, 0.0, 0.0, 0.0, 0.0, 0.0, 0.3867906480882084, 0.0, 1.849036830753903, 0.0, 0.0, 0.0, 2.201262636343017, 0.0, 0.48921361601969693, 1.442996283636603, 0.0, 0.005093303479952738, 0.0],
"regularImprovements":[0.0, 23452.87444786248, 760.6075920392759, 444.7204394109722, 189.0836502972379, 85.55084802387137, 45.07180637192505, 15.615038172538334, 28.51395719260472, 55.96565634480794, 86.2269366048713, 16.990528214177175, 54.7847050067503, 10.354825240305217, 13.776197881059488, 34.72341349202179, 28.364548708581424, 3.6808335413443274, 13.038304591289489, 130.06556535555865, 43.94282885263965],
"numWorkings":[0, 200, 200, 200, 196, 189, 200, 200, 200, 198, 197, 198, 200, 191, 198, 195, 200, 189, 200, 200, 200],
"totalWorkingTimes":[0, 12238446, 11766363, 11167726, 11466928, 9917197, 11494412, 11644934, 11764042, 11378837, 11156673, 11824349, 11734734, 10857597, 11529549, 9525706, 11611341, 10982478, 11482544, 11670403, 11657542]}