	:{"problemName":"rc110_1.txt",
"populationK":1,
"lsRunTime":70000,
"addFirstNeighborhoods":true,
"numHelperNeighborhoods":0,
"numRounds":20,
"numMappers":500,
"roundLengths":[0, 107079, 84728, 81646, 79730, 79579, 82510, 76389, 82504, 78560, 84624, 80035, 80494, 82568, 82500, 81204, 81525, 79490, 77485, 82872, 81478],
"bestSolCosts":[67918.09604196688, 49991.321018163304, 49356.00473320468, 49025.479841048415, 48737.34642169643, 48455.198305515034, 48222.4287457018, 48068.95218998214, 47959.77404448184, 47895.080274164604, 47849.04786120935, 47815.41721905349, 47780.10870550081, 47740.95153738555, 47718.126936485634, 47701.87884795212, 47677.1274477155, 47661.759273393174, 47636.76047562356, 47577.26225703406, 47560.858080639504],
"helperTimes":[0, 0, 43, 13, 77, 16, 104, 29, 33, 71, 121, 62, 14, 17, 136, 31, 70, 78, 35, 36, 59],
"regularTimes":[0, 62339, 58187, 57018, 53134, 56294, 58468, 54814, 57980, 51634, 52698, 57521, 51406, 54174, 53601, 53249, 52551, 44000, 55083, 50757, 49646],
"helperSuccessfuls":[0, 0, 0, 0, 0, 0, 1, 0, 0, 0, 1, 0, 0, 0, 0, 0, 0, 0, 1, 0, 1],
"helperTrieds":[0, 0, 1, 1, 1, 1, 1, 1, 1, 1, 1, 1, 1, 1, 1, 1, 1, 1, 1, 1, 1],
"regularSuccessfuls":[0, 1425, 85, 49, 28, 51, 65, 48, 21, 19, 14, 14, 7, 17, 12, 14, 6, 2, 7, 6, 4],
"regularTrieds":[0, 8644, 4957, 7719, 4809, 4508, 10367, 9953, 9145, 6497, 10997, 8592, 8287, 8207, 8342, 7956, 9338, 8688, 8284, 8356, 8676],
"helperImprovements":[0.0, 0.0, 0.0, 0.0, 0.0, 0.0, 2.2715904976648744, 0.0, 0.0, 0.0, 1.7636461052752566, 0.0, 0.0, 0.0, 0.0, 0.0, 0.0, 0.0, 0.35488688322220696, 0.0, 1.3286479452217463],
"regularImprovements":[0.0, 22722.924278718536, 635.3162849586224, 330.524892156267, 288.13341935198696, 282.14811618139356, 230.4979693155692, 153.4765557196588, 109.17814550030016, 64.69377031723707, 44.26876684997842, 33.630642155862006, 35.30851355267805, 39.15716811526363, 22.824600899912184, 16.248088533517148, 24.751400236615154, 15.368174322327832, 24.643910886392405, 59.49821858949872, 15.075528449335252],
"numWorkings":[0, 500, 500, 500, 489, 495, 487, 498, 495, 487, 498, 500, 493, 500, 500, 500, 497, 489, 487, 500, 486],
"totalWorkingTimes":[0, 31305028, 26939927, 27769708, 26698797, 26527775, 27618321, 26645609, 27226391, 25024951, 27744816, 27825373, 24944795, 26051470, 26538372, 28049853, 26968424, 21661915, 26535940, 25563646, 25350206]}