	N{"problemName":"rc110_1.txt",
"populationK":1,
"lsRunTime":70000,
"addFirstNeighborhoods":true,
"numHelperNeighborhoods":0,
"numRounds":20,
"numMappers":500,
"roundLengths":[0, 87844, 89620, 80025, 79592, 105593, 80505, 82592, 79580, 84563, 82538, 78031, 82773, 80525, 79301, 85561, 85512, 78480, 79791, 82497, 77551],
"bestSolCosts":[68196.58931417338, 49382.1667608034, 48835.328794963796, 48499.45334291396, 48288.08570178341, 48116.405461840346, 47998.62320390948, 47951.15471021319, 47915.86400963479, 47849.970563044844, 47759.050708733856, 47696.01222338667, 47648.34227019371, 47616.131117330886, 47589.03853343351, 47541.51636821151, 47493.598566275185, 47397.881116680976, 47364.394521735914, 47352.17407805188, 47331.684212227425],
"helperTimes":[0, 0, 13, 26, 28, 46, 16, 26, 47, 21, 58, 22, 20, 156, 27, 23, 86, 27, 29, 40, 36],
"regularTimes":[0, 61264, 55961, 55278, 55452, 53610, 55073, 56684, 54477, 54930, 50948, 54717, 56095, 53372, 53043, 54127, 50540, 53589, 50968, 56834, 55030],
"helperSuccessfuls":[0, 0, 0, 0, 0, 0, 0, 0, 1, 0, 0, 0, 1, 1, 0, 1, 0, 0, 0, 0, 1],
"helperTrieds":[0, 0, 1, 1, 1, 1, 1, 1, 1, 1, 1, 1, 1, 1, 1, 1, 1, 1, 1, 1, 1],
"regularSuccessfuls":[0, 1578, 74, 58, 46, 51, 28, 9, 12, 27, 23, 17, 7, 10, 13, 11, 11, 22, 4, 5, 10],
"regularTrieds":[0, 10505, 4795, 6642, 5161, 8659, 10890, 9878, 15797, 9287, 11193, 11746, 9816, 13012, 11052, 7969, 7321, 9674, 10659, 11053, 13339],
"helperImprovements":[0.0, 0.0, 0.0, 0.0, 0.0, 0.0, 0.0, 0.0, 0.6879061510189786, 0.0, 0.0, 0.0, 6.812452093035972, 4.0711036118955235, 0.0, 1.9703969960246468, 0.0, 0.0, 0.0, 0.0, 0.6265671941946493],
"regularImprovements":[0.0, 25784.186380191, 546.8379658396007, 335.87545204983326, 211.3676411305496, 171.68023994306714, 117.78225793086312, 47.4684936962949, 34.60279442738101, 65.89344658994378, 90.91985431098874, 63.03848534718418, 40.857501099926594, 28.140049250927405, 27.092583897378063, 45.55176822597423, 47.917801936324395, 95.71744959420903, 33.48659494506137, 12.220443684032944, 19.863298630261852],
"numWorkings":[0, 499, 500, 500, 493, 498, 492, 500, 497, 500, 489, 495, 500, 500, 486, 500, 500, 500, 487, 500, 500],
"totalWorkingTimes":[0, 30514855, 27085357, 26572591, 26474133, 27739672, 26522500, 27624097, 26816503, 27048267, 25678775, 26884639, 27759379, 26053657, 25405515, 26630353, 25469040, 26198895, 24115598, 27681134, 27046513]}