	å{"problemName":"rc110_1.txt",
"populationK":1,
"lsRunTime":70000,
"addFirstNeighborhoods":true,
"numHelperNeighborhoods":300,
"numRounds":20,
"numMappers":500,
"roundLengths":[0, 92825, 90748, 83616, 78512, 80504, 79535, 84572, 79092, 83709, 80623, 80800, 79322, 80628, 79622, 80618, 79818, 83645, 79618, 80619, 80606],
"bestSolCosts":[67915.69723344584, 49679.128889918014, 48644.956969159255, 48175.806211922325, 48063.47401032388, 47998.045839852704, 47894.81677909586, 47829.288801101306, 47775.48576012456, 47734.58977046303, 47645.37940852624, 47594.643791432005, 47554.893174990764, 47505.444376136074, 47488.05328385264, 47482.44944574012, 47462.01631924111, 47392.383508143655, 47370.71708864492, 47344.15675678737, 47326.00309441227],
"helperTimes":[0, 0, 479, 1302, 1905, 925, 1200, 5548, 2371, 890, 880, 1728, 2225, 1739, 838, 826, 505, 1555, 4262, 3361, 1883],
"regularTimes":[0, 61879, 57999, 49575, 52591, 55151, 51588, 45381, 41507, 55728, 57678, 53519, 53191, 55535, 54482, 57538, 52383, 54232, 49654, 49703, 50534],
"helperSuccessfuls":[0, 0, 0, 0, 1, 1, 3, 2, 5, 0, 9, 1, 5, 0, 1, 0, 0, 3, 0, 1, 0],
"helperTrieds":[0, 0, 301, 301, 301, 301, 301, 301, 301, 301, 301, 301, 301, 301, 301, 301, 119, 130, 301, 301, 301],
"regularSuccessfuls":[0, 1486, 157, 56, 17, 27, 27, 18, 14, 9, 24, 16, 15, 4, 2, 5, 10, 15, 11, 7, 5],
"regularTrieds":[0, 8678, 5387, 9499, 7618, 8853, 7516, 7657, 8595, 11527, 9857, 9638, 12702, 14766, 10336, 12238, 10896, 13737, 13487, 8958, 14101],
"helperImprovements":[0.0, 0.0, 0.0, 0.0, 4.876757817095495, 0.07122947469179053, 3.2386983044998487, 5.135656464932254, 7.929221810896706, 0.0, 31.925920173518534, 4.808986013347749, 9.900515004446788, 0.0, 0.6224015339248581, 0.0, 0.0, 11.9314124481607, 0.0, 5.026679484712076, 0.0],
"regularImprovements":[0.0, 24267.54352929457, 1034.1719207587594, 469.1507572369301, 107.45544378134946, 65.3569409964839, 99.9903624523431, 60.39232152962359, 45.873819165848545, 40.89598966152698, 57.28444176327321, 45.92663108088891, 29.85010143679392, 49.44879885468981, 16.768690749508096, 5.603838112518133, 20.43312649901054, 57.70139864929661, 21.666419498738833, 21.533652372832876, 18.153662375101703],
"numWorkings":[0, 494, 500, 483, 481, 493, 497, 491, 486, 494, 498, 484, 488, 495, 498, 484, 500, 500, 492, 485, 498],
"totalWorkingTimes":[0, 30752563, 28577119, 25027151, 25992431, 26740889, 25794806, 26562948, 24281261, 27334187, 27969818, 27488601, 26759235, 28041567, 28099346, 27497319, 27118969, 28500111, 25624441, 25569559, 26749239]}