	9{"problemName":"rc110_1.txt",
"populationK":2,
"lsRunTime":70000,
"addFirstNeighborhoods":true,
"numHelperNeighborhoods":0,
"numRounds":20,
"numMappers":100,
"roundLengths":[0, 90281, 83980, 74032, 81669, 81784, 83653, 84976, 107804, 81919, 80880, 79780, 85936, 80864, 81293, 80054, 82621, 78693, 79186, 81703, 74868],
"bestSolCosts":[70419.56145370446, 49879.91797171445, 49252.01205239902, 48923.269335330406, 48751.847733897455, 48657.722306652846, 48571.86721728964, 48429.958570174414, 48282.8986897343, 48200.34231161312, 48158.70631098725, 48112.05135376767, 48101.681955361164, 48094.04697677352, 48076.0980451702, 48059.951477569084, 48011.56807329185, 47954.65361379091, 47924.065452794006, 47910.90886892835, 47888.849632314996],
"helperTimes":[0, 0, 23, 22, 26, 23, 91, 510, 48, 47, 41, 96, 48, 29, 92, 134, 122, 29, 48, 49, 54],
"regularTimes":[0, 62256, 54798, 47875, 51134, 52685, 56806, 47452, 51450, 52515, 52528, 48469, 46365, 54584, 54083, 52833, 52841, 47695, 43159, 49804, 54157],
"helperSuccessfuls":[0, 0, 0, 0, 0, 0, 1, 1, 0, 0, 0, 0, 1, 1, 1, 0, 0, 0, 0, 0, 1],
"helperTrieds":[0, 0, 1, 1, 1, 1, 1, 1, 1, 1, 1, 1, 1, 1, 1, 1, 1, 1, 1, 1, 1],
"regularSuccessfuls":[0, 2464, 107, 67, 15, 30, 24, 22, 23, 27, 17, 18, 7, 3, 2, 4, 6, 7, 4, 13, 8],
"regularTrieds":[0, 9625, 2861, 7098, 6605, 9665, 15167, 8869, 6825, 12769, 10253, 6549, 11594, 18250, 14747, 8471, 8163, 9101, 7867, 7719, 11071],
"helperImprovements":[0.0, 0.0, 0.0, 0.0, 0.0, 0.0, 0.3979396657377947, 8.725306386884768, 0.0, 0.0, 0.0, 0.0, 0.19639447398367338, 0.19639447398367338, 0.6961907274308032, 0.0, 0.0, 0.0, 0.0, 0.0, 3.386527077345818],
"regularImprovements":[0.0, 94623.59179496364, 627.9059193154317, 328.7427170686133, 171.4216014329504, 94.12542724460945, 85.45714969746768, 142.8247935450563, 159.59843739893404, 98.91106509142992, 41.63600062587648, 47.05249504757376, 10.17300393251935, 7.634978587644582, 17.252740875890595, 16.14656760111393, 48.38340427723597, 56.914459500934754, 30.90760247682192, 21.93680932926509, 18.672709536011098],
"numWorkings":[0, 100, 100, 93, 100, 100, 100, 99, 96, 100, 98, 98, 100, 97, 99, 100, 100, 100, 96, 100, 95],
"totalWorkingTimes":[0, 6269031, 5485028, 4799275, 5188343, 5298427, 5419257, 4961874, 5168616, 5246678, 5227751, 5013042, 5016072, 5279761, 5436203, 5300728, 5380898, 4654642, 4586475, 4644970, 5191717]}