
I{"problemName":"rc110_1.txt",
"populationK":1,
"lsRunTime":70000,
"addFirstNeighborhoods":true,
"numHelperNeighborhoods":300,
"numRounds":20,
"numMappers":500,
"roundLengths":[0, 102870, 115278, 104749, 85850, 79619, 84556, 82631, 80645, 100830, 90678, 134449, 80672, 83639, 113739, 84658, 90861, 84660, 89791, 79629, 84260],
"bestSolCosts":[67913.0536431725, 49574.38574368969, 49057.77347379092, 48875.78546007526, 48717.654265236575, 48527.290217552305, 48335.02846522161, 48216.506675225675, 48063.13353389514, 48007.90177345691, 47884.650003076116, 47789.24178757109, 47737.20733560369, 47668.832473847135, 47620.69597913782, 47606.611476171616, 47543.21238554428, 47510.296226486535, 47468.50976994623, 47427.6502229915, 47422.692608181336],
"helperTimes":[0, 0, 1200, 2248, 2568, 4032, 2748, 3384, 2449, 2398, 2863, 2067, 2320, 3019, 1281, 1034, 879, 1197, 1180, 1306, 2287],
"regularTimes":[0, 68113, 52690, 52002, 47348, 48350, 51619, 55406, 50666, 41540, 48205, 51136, 53973, 56022, 49745, 52746, 57062, 50869, 52093, 56924, 55428],
"helperSuccessfuls":[0, 0, 1, 3, 3, 1, 6, 1, 10, 1, 1, 2, 2, 1, 3, 0, 5, 0, 1, 1, 2],
"helperTrieds":[0, 0, 301, 301, 301, 301, 301, 301, 301, 301, 301, 301, 301, 301, 301, 301, 188, 301, 301, 301, 301],
"regularSuccessfuls":[0, 1500, 102, 39, 27, 36, 29, 22, 26, 22, 13, 29, 17, 17, 10, 3, 7, 12, 7, 14, 4],
"regularTrieds":[0, 8282, 4723, 4447, 5909, 4421, 6669, 7748, 6800, 4939, 9380, 7054, 6464, 10231, 9113, 12306, 12118, 10802, 13137, 12674, 11526],
"helperImprovements":[0.0, 0.0, 0.2669148357817903, 18.69303927659348, 15.05970940140105, 1.455177780779195, 10.077502800268121, 28.19116413795564, 70.17459060247347, 0.30016245623119175, 10.132765296613798, 1.3579929229599657, 0.2850839140737662, 1.969174867554102, 7.899442585177894, 0.0, 10.439111793413758, 0.0, 2.454329241416417, 6.929315586094162, 0.3721890545275528],
"regularImprovements":[0.0, 34468.78044672077, 516.3453550629856, 163.2949744390644, 143.07148543728545, 188.908869903491, 182.18424953042995, 90.33062585797597, 83.1985507280624, 54.931597981994855, 113.1190050841833, 94.05022258206736, 51.74936805332254, 66.40568688900385, 40.237052124139154, 14.084502966201399, 52.95997883392556, 32.916159057742334, 39.332127298890555, 33.93023136863485, 4.5854257556347875],
"numWorkings":[0, 500, 500, 491, 486, 492, 499, 487, 481, 493, 489, 489, 491, 490, 477, 492, 500, 487, 486, 493, 488],
"totalWorkingTimes":[0, 28911450, 27686893, 27439603, 25953546, 26729753, 27298528, 25546806, 26044390, 22036755, 26215858, 27085062, 25425345, 26361725, 24784762, 25586419, 27844875, 24750121, 26607550, 27854662, 27737830]}