	7{"problemName":"rc110_1.txt",
"populationK":1200,
"lsRunTime":70000,
"addFirstNeighborhoods":true,
"numHelperNeighborhoods":0,
"numRounds":20,
"numMappers":1400,
"roundLengths":[0, 113987, 109779, 109827, 89702, 105703, 89747, 90136, 89679, 85617, 89900, 79911, 80623, 94624, 80705, 83880, 80574, 79584, 83771, 89631, 80593],
"bestSolCosts":[67913.0536431725, 49575.768351300125, 48803.329579829384, 48583.06053791243, 48363.33857317752, 48222.73655285266, 48036.12874514156, 47969.2458118263, 47932.218410231755, 47909.747541085744, 47866.85314056425, 47750.49185407803, 47705.34418485438, 47691.30634958479, 47660.19998452247, 47637.23214278634, 47605.258642097295, 47591.112772201464, 47584.56116940497, 47578.95996519575, 47572.25126379709],
"helperTimes":[0, 0, 21, 22, 32, 15, 17, 86, 19, 70, 19, 85, 32, 17, 87, 50, 75, 53, 32, 63, 68],
"regularTimes":[0, 49051, 48108, 43727, 57813, 34201, 55236, 50395, 43632, 30469, 51433, 52735, 45915, 44505, 48058, 31039, 53617, 54114, 38663, 57087, 34069],
"helperSuccessfuls":[0, 0, 0, 0, 0, 0, 0, 0, 0, 0, 0, 0, 0, 0, 1, 1, 0, 1, 1, 0, 0],
"helperTrieds":[0, 0, 1, 1, 1, 1, 1, 1, 1, 1, 1, 1, 1, 1, 1, 1, 1, 1, 1, 1, 1],
"regularSuccessfuls":[0, 1451, 115, 77, 46, 35, 40, 7, 3, 10, 13, 19, 14, 10, 9, 3, 10, 3, 2, 8, 1],
"regularTrieds":[0, 10262, 4456, 4732, 8570, 2323, 9854, 9319, 7599, 4033, 8743, 4375, 5927, 5716, 7540, 3073, 8624, 10173, 6078, 13831, 4252],
"helperImprovements":[0.0, 0.0, 0.0, 0.0, 0.0, 0.0, 0.0, 0.0, 0.0, 0.0, 0.0, 0.0, 0.0, 0.0, 2.7708900234720204, 11.614124621570227, 0.0, 9.248723559729115, 0.8954732229394722, 0.0, 0.0],
"regularImprovements":[0.0, 29266.18125339008, 772.4387714707409, 220.26904191695212, 219.72196473491204, 140.60202032486268, 186.6078077110942, 66.88293331526074, 37.02740159454697, 22.470869146010955, 62.26175601668365, 116.36128648622253, 45.14766922364652, 26.11310364617384, 28.335475038846198, 11.353717114558094, 37.36342527915258, 4.897146336101287, 5.65612957355188, 5.601204209226125, 6.708701398660196],
"numWorkings":[0, 863, 759, 751, 835, 808, 772, 786, 808, 815, 759, 892, 864, 792, 763, 907, 864, 793, 745, 804, 748],
"totalWorkingTimes":[0, 56644528, 49347465, 49967024, 56522642, 54545266, 50881619, 53386450, 53963659, 55596145, 50204550, 56758247, 56499525, 47097123, 49684789, 55013901, 56942016, 54602188, 46400074, 53591068, 52172167]}