”{"problemName":"RC21010.TXT",
"populationK":1,
"lsRunTime":70000,
"addFirstNeighborhoods":true,
"numHelperNeighborhoods":0,
"numRounds":20,
"numMappers":500,
"roundLengths":[0, 155027, 102063, 125901, 100103, 90538, 99688, 93511, 83664, 119785, 86147, 84665, 93956, 84747, 89639, 84490, 90141, 88583, 85016, 79499, 80501],
"bestSolCosts":[35940.70879243871, 25454.34958438488, 24651.84063332546, 24375.58395048786, 24268.616599031175, 24245.973832356398, 24238.162629894876, 24227.9975431413, 24222.57706599016, 24222.34390816878, 24199.372131542455, 24199.372131542455, 24199.372131542455, 24199.372131542455, 24199.372131542455, 24199.372131542455, 24199.372131542455, 24195.77928613994, 24195.77928613994, 24195.77928613994, 24146.98859796791],
"helperTimes":[0, 0, 46, 21, 37, 35, 28, 152, 68, 46, 24, 157, 0, 0, 0, 0, 0, 0, 0, 0, 0],
"regularTimes":[0, 62476, 51776, 56002, 54198, 58585, 55273, 53837, 53920, 66704, 57931, 54779, 50928, 51346, 49940, 53743, 54423, 53994, 53188, 55576, 55154],
"helperSuccessfuls":[0, 0, 0, 0, 0, 0, 0, 0, 1, 0, 0, 0, 0, 0, 0, 0, 0, 0, 0, 0, 0],
"helperTrieds":[0, 0, 1, 1, 1, 1, 1, 1, 1, 1, 1, 1, 0, 0, 0, 0, 0, 0, 0, 0, 0],
"regularSuccessfuls":[0, 1101, 72, 42, 15, 14, 5, 4, 7, 1, 8, 0, 0, 0, 0, 0, 0, 3, 0, 0, 6],
"regularTrieds":[0, 8067, 2115, 5728, 10004, 7645, 7496, 9294, 5176, 6656, 5602, 5695, 6893, 7784, 8618, 6542, 9797, 10148, 11876, 12989, 10874],
"helperImprovements":[0.0, 0.0, 0.0, 0.0, 0.0, 0.0, 0.0, 0.0, 0.4167693687231804, 0.0, 0.0, 0.0, 0.0, 0.0, 0.0, 0.0, 0.0, 0.0, 0.0, 0.0, 0.0],
"regularImprovements":[0.0, 11201.963587664446, 802.5089510594189, 276.25668283760024, 106.96735145668572, 22.642766674776794, 7.8112024615220434, 10.165086753575451, 5.003707782416313, 0.23315782138161012, 22.971776626323845, 0.0, 0.0, 0.0, 0.0, 0.0, 0.0, 3.5928454025161045, 0.0, 0.0, 48.79068817203006],
"numWorkings":[0, 500, 500, 495, 500, 500, 493, 500, 500, 500, 497, 497, 500, 500, 500, 500, 500, 500, 500, 500, 500],
"totalWorkingTimes":[0, 32640127, 26847763, 27165769, 28072690, 28654061, 24732641, 27769650, 26944465, 27917864, 28204693, 26681446, 24993996, 26500013, 25164375, 27636047, 28080364, 27935895, 25497210, 28596869, 28226037]}