	F{"problemName":"R210_2.TXT",
"populationK":1,
"lsRunTime":70000,
"addFirstNeighborhoods":true,
"numHelperNeighborhoods":0,
"numRounds":20,
"numMappers":500,
"roundLengths":[0, 87995, 109277, 79544, 81552, 78903, 85521, 79585, 80647, 79073, 82684, 77625, 78191, 79927, 81632, 80714, 88144, 85537, 90641, 84508, 83077],
"bestSolCosts":[51691.71122955712, 34855.313714385775, 34357.108946789645, 34145.177532590045, 33871.17514933837, 33799.02069217142, 33745.01096476781, 33666.7781138741, 33606.1832532691, 33531.38189460349, 33510.10201746867, 33487.3048555982, 33471.8372809772, 33467.45773218356, 33404.31651420661, 33402.47294286563, 33402.14636129941, 33399.75331360504, 33353.75413624333, 33302.33593160913, 33242.22597410081],
"helperTimes":[0, 0, 28, 36, 69, 36, 80, 20, 28, 53, 79, 178, 113, 30, 48, 43, 105, 48, 23, 64, 87],
"regularTimes":[0, 62162, 55885, 55083, 58315, 45703, 56092, 52955, 56433, 55638, 43883, 49478, 52764, 60130, 54181, 52733, 55192, 58222, 57755, 58604, 57732],
"helperSuccessfuls":[0, 0, 0, 0, 1, 0, 1, 0, 0, 0, 1, 1, 1, 0, 0, 0, 0, 0, 0, 0, 0],
"helperTrieds":[0, 0, 1, 1, 1, 1, 1, 1, 1, 1, 1, 1, 1, 1, 1, 1, 1, 1, 1, 1, 1],
"regularSuccessfuls":[0, 1303, 62, 39, 56, 16, 9, 12, 24, 17, 10, 5, 6, 3, 13, 2, 3, 2, 12, 12, 15],
"regularTrieds":[0, 13844, 8885, 7966, 11208, 10056, 10345, 10307, 8055, 10274, 5944, 12346, 7802, 10840, 8154, 9300, 12168, 10750, 10683, 11633, 12910],
"helperImprovements":[0.0, 0.0, 0.0, 0.0, 0.22786844323854893, 0.0, 8.19260617990949, 0.0, 0.0, 0.0, 0.5843833337567048, 16.671257366288046, 3.025892434990965, 0.0, 0.0, 0.0, 0.0, 0.0, 0.0, 0.0, 0.0],
"regularImprovements":[0.0, 20147.096761811903, 498.2047675961294, 211.9314141996001, 273.7745148084359, 72.15445716695103, 45.81712122369936, 78.23285089371348, 60.59486060500058, 74.80135866560886, 20.695493801060366, 6.125904504180653, 12.441682186014077, 4.379548793636786, 63.14121797695407, 1.8435713409780874, 0.3265815662161913, 2.3930476943714893, 45.99917736170755, 51.41820463420299, 60.109957508320804],
"numWorkings":[0, 495, 500, 499, 492, 495, 495, 500, 493, 500, 500, 500, 500, 500, 500, 500, 500, 500, 500, 494, 493],
"totalWorkingTimes":[0, 30114579, 27597344, 28729137, 28112664, 26069189, 26942798, 25948789, 28573558, 27112726, 21582429, 27083590, 27022418, 28581960, 28362588, 27168667, 25658819, 28713708, 28220323, 27990930, 28024949]}