{"problemName":"R210_2.TXT",
"populationK":1,
"lsRunTime":70000,
"addFirstNeighborhoods":true,
"numHelperNeighborhoods":0,
"numRounds":20,
"numMappers":1,
"roundLengths":[0, 82173, 80421, 82276, 79938, 78647, 79886, 80964, 81160, 77941, 79024, 81846, 80619, 79852, 79677, 80647, 80229, 79459, 81107, 78074, 80117],
"bestSolCosts":[76657.64889500957, 40436.335358299286, 40317.10140851583, 39822.83273105635, 39773.77858200563, 39773.77858200563, 39773.77858200563, 39553.66026784781, 39552.49398174218, 39530.20998825906, 39516.56098279146, 39516.56098279146, 39400.554279009164, 39128.57379096867, 39125.837659273675, 39125.837659273675, 39043.910083380724, 39043.910083380724, 39043.910083380724, 39043.910083380724, 39043.910083380724],
"helperTimes":[0, 0, 0, 0, 0, 0, 0, 0, 0, 0, 0, 0, 0, 0, 0, 0, 0, 0, 0, 0, 0],
"regularTimes":[0, 65756, 60823, 61415, 60147, 56652, 59081, 59376, 58325, 56814, 59226, 59693, 54751, 57452, 59277, 53489, 56829, 56382, 59676, 54662, 60284],
"helperSuccessfuls":[0, 0, 0, 0, 0, 0, 0, 0, 0, 0, 0, 0, 0, 0, 0, 0, 0, 0, 0, 0, 0],
"helperTrieds":[0, 0, 0, 0, 0, 0, 0, 0, 0, 0, 0, 0, 0, 0, 0, 0, 0, 0, 0, 0, 0],
"regularSuccessfuls":[0, 1919, 47, 58, 25, 0, 0, 15, 2, 9, 10, 0, 12, 46, 1, 0, 14, 0, 0, 0, 0],
"regularTrieds":[0, 19931, 27974, 23769, 19351, 18796, 22189, 19717, 21748, 21187, 21625, 20532, 20708, 21631, 23024, 17851, 19905, 22838, 20085, 15502, 19610],
"helperImprovements":[0.0, 0.0, 0.0, 0.0, 0.0, 0.0, 0.0, 0.0, 0.0, 0.0, 0.0, 0.0, 0.0, 0.0, 0.0, 0.0, 0.0, 0.0, 0.0, 0.0, 0.0],
"regularImprovements":[0.0, 36221.31353671028, 119.23394978345459, 494.268677459484, 49.05414905071666, 0.0, 0.0, 220.11831415782217, 1.1662861056320253, 22.28399348311359, 13.649005467603274, 0.0, 116.00670378229552, 271.98048804049176, 2.7361316949973116, 0.0, 81.9275758929507, 0.0, 0.0, 0.0, 0.0],
"numWorkings":[0, 1, 1, 1, 1, 1, 1, 1, 1, 1, 1, 1, 1, 1, 1, 1, 1, 1, 1, 1, 1],
"totalWorkingTimes":[0, 65756, 60823, 61415, 60147, 56652, 59081, 59376, 58325, 56814, 59226, 59693, 54751, 57452, 59277, 53489, 56829, 56382, 59676, 54662, 60284]}