Z{"problemName":"R210_2.TXT",
"populationK":1,
"lsRunTime":70000,
"addFirstNeighborhoods":true,
"numHelperNeighborhoods":0,
"numRounds":20,
"numMappers":1,
"roundLengths":[0, 83175, 80428, 79264, 79986, 78596, 80880, 80013, 80120, 79953, 79886, 77923, 81668, 78855, 78592, 80794, 80805, 80815, 80117, 78616, 81490],
"bestSolCosts":[84158.93468545267, 41741.57406234304, 41193.148413638206, 41073.54844974119, 41073.54844974119, 40925.329075765185, 40836.12339344764, 40723.48326564937, 40723.30805133509, 40722.29036633432, 40722.041115721826, 40720.518270294066, 40720.518270294066, 40720.518270294066, 40720.518270294066, 40612.4649527074, 40586.514391019824, 40585.973566643166, 40451.753597343006, 40431.12919700779, 40430.98883642669],
"helperTimes":[0, 0, 0, 0, 0, 0, 0, 0, 0, 0, 0, 0, 0, 0, 0, 0, 0, 0, 0, 0, 0],
"regularTimes":[0, 65779, 60818, 61158, 58542, 59487, 60767, 59265, 56103, 55452, 58123, 55795, 58602, 55787, 56347, 58920, 52989, 53747, 59048, 57821, 58822],
"helperSuccessfuls":[0, 0, 0, 0, 0, 0, 0, 0, 0, 0, 0, 0, 0, 0, 0, 0, 0, 0, 0, 0, 0],
"helperTrieds":[0, 0, 0, 0, 0, 0, 0, 0, 0, 0, 0, 0, 0, 0, 0, 0, 0, 0, 0, 0, 0],
"regularSuccessfuls":[0, 2465, 102, 46, 0, 11, 15, 30, 2, 1, 1, 2, 0, 0, 0, 38, 13, 2, 37, 9, 2],
"regularTrieds":[0, 23003, 31278, 24205, 20521, 18954, 24190, 24142, 22864, 20350, 18169, 21362, 23147, 22518, 23003, 23633, 16123, 22836, 20846, 17706, 21160],
"helperImprovements":[0.0, 0.0, 0.0, 0.0, 0.0, 0.0, 0.0, 0.0, 0.0, 0.0, 0.0, 0.0, 0.0, 0.0, 0.0, 0.0, 0.0, 0.0, 0.0, 0.0, 0.0],
"regularImprovements":[0.0, 42417.36062310963, 548.4256487048333, 119.599963897017, 0.0, 148.21937397600414, 89.20568231754442, 112.64012779827317, 0.17521431428031065, 1.0176850007701432, 0.24925061249086866, 1.5228454277603305, 0.0, 0.0, 0.0, 108.0533175866658, 25.950561687575828, 0.540824376657838, 134.2199693001603, 20.624400335218525, 0.14036058109923033],
"numWorkings":[0, 1, 1, 1, 1, 1, 1, 1, 1, 1, 1, 1, 1, 1, 1, 1, 1, 1, 1, 1, 1],
"totalWorkingTimes":[0, 65779, 60818, 61158, 58542, 59487, 60767, 59265, 56103, 55452, 58123, 55795, 58602, 55787, 56347, 58920, 52989, 53747, 59048, 57821, 58822]}