	{"problemName":"rc110_1.txt",
"populationK":3,
"lsRunTime":70000,
"addFirstNeighborhoods":true,
"numHelperNeighborhoods":0,
"numRounds":20,
"numMappers":100,
"roundLengths":[0, 89303, 81082, 79866, 80735, 83785, 76151, 79141, 80750, 80460, 74775, 79041, 76753, 83636, 73984, 79436, 84971, 78755, 81861, 79084, 80713],
"bestSolCosts":[70458.40436541608, 49608.20428210519, 49053.77287247212, 48686.76261582767, 48450.1747379043, 48384.412887721155, 48314.03708551906, 48238.89972006573, 48151.595241235336, 48040.12454272973, 47988.973784620444, 47950.35109658753, 47863.55479190578, 47751.830623825954, 47706.24544584629, 47684.93334525541, 47661.380094199856, 47628.718044775414, 47588.48379688453, 47582.29692173447, 47562.79918041854],
"helperTimes":[0, 0, 50, 28, 56, 24, 77, 199, 104, 74, 61, 55, 87, 71, 101, 131, 83, 73, 124, 121, 66],
"regularTimes":[0, 62495, 54156, 52016, 51718, 48235, 52927, 49315, 58204, 52284, 56768, 42500, 51924, 58296, 45491, 57035, 57224, 46323, 52392, 44795, 54445],
"helperSuccessfuls":[0, 0, 0, 0, 0, 0, 0, 0, 0, 0, 0, 0, 0, 1, 0, 0, 1, 0, 0, 1, 0],
"helperTrieds":[0, 0, 1, 1, 1, 1, 1, 1, 1, 1, 1, 1, 1, 1, 1, 1, 1, 1, 1, 1, 1],
"regularSuccessfuls":[0, 2552, 91, 67, 36, 8, 13, 8, 22, 11, 9, 21, 17, 26, 6, 5, 5, 14, 15, 2, 10],
"regularTrieds":[0, 10869, 3958, 3715, 6350, 10218, 7588, 6282, 8546, 7039, 10075, 9889, 9078, 8479, 6647, 10428, 6769, 6405, 6094, 9145, 7748],
"helperImprovements":[0.0, 0.0, 0.0, 0.0, 0.0, 0.0, 0.0, 0.0, 0.0, 0.0, 0.0, 0.0, 0.0, 0.20145770230010385, 0.0, 0.0, 0.6970385542081203, 0.0, 0.0, 4.916506602858135, 0.0],
"regularImprovements":[0.0, 77387.16847740064, 554.4314096330709, 367.0102566444475, 236.58787792336807, 65.76185018314573, 70.37580220209202, 75.13736545333086, 87.30447883039596, 113.22292290523183, 51.603442928302684, 54.55005825110857, 97.57641224585677, 127.30116062886373, 45.58517797966488, 21.31210059087607, 23.720047881754, 36.73079983694333, 40.234247890883125, 1.2703685472006327, 20.773738855576084],
"numWorkings":[0, 99, 100, 100, 97, 100, 100, 98, 100, 97, 95, 97, 100, 100, 88, 100, 98, 100, 100, 100, 100],
"totalWorkingTimes":[0, 6226801, 5429873, 5259297, 5059323, 4880046, 5357517, 5153109, 5536607, 5216423, 4928627, 4416716, 5249972, 5460845, 4535989, 5015633, 5675555, 4620224, 5310663, 4519503, 5472526]}