${"problemName":"R210_2.TXT",
"populationK":1,
"lsRunTime":70000,
"addFirstNeighborhoods":true,
"numHelperNeighborhoods":0,
"numRounds":20,
"numMappers":1,
"roundLengths":[0, 83434, 80978, 80461, 78168, 78412, 80967, 78882, 81159, 79974, 77860, 80085, 79506, 79902, 81785, 79492, 80230, 80524, 80043, 77648, 80461],
"bestSolCosts":[70452.2530102081, 40692.825629754996, 40501.47061214569, 40466.667264426374, 40376.9987056598, 40374.16188192097, 40374.16188192097, 40374.16188192097, 40374.16188192097, 40374.16188192097, 40374.16188192097, 40350.29161367821, 40223.7622750433, 40063.11937402285, 40024.582800803706, 40023.83329084308, 40020.79873017213, 40019.30197599829, 40018.91977315164, 40018.91977315164, 40018.91977315164],
"helperTimes":[0, 0, 0, 0, 0, 0, 0, 0, 0, 0, 0, 0, 0, 1, 0, 1, 0, 0, 1, 0, 0],
"regularTimes":[0, 65226, 61097, 61551, 59441, 57746, 60923, 60549, 59996, 58158, 57898, 58413, 59089, 59117, 58328, 52730, 57717, 56008, 58339, 55444, 59875],
"helperSuccessfuls":[0, 0, 0, 0, 0, 0, 0, 0, 0, 0, 0, 0, 0, 0, 0, 0, 0, 0, 0, 0, 0],
"helperTrieds":[0, 0, 0, 0, 0, 0, 0, 0, 0, 0, 0, 0, 0, 0, 0, 0, 0, 0, 0, 0, 0],
"regularSuccessfuls":[0, 1838, 60, 30, 22, 12, 0, 0, 0, 0, 0, 8, 22, 36, 19, 2, 9, 4, 2, 0, 0],
"regularTrieds":[0, 20777, 23453, 25749, 21051, 17380, 19996, 22164, 23435, 22436, 17403, 20276, 19304, 20391, 22472, 20069, 21920, 21655, 20626, 19253, 21061],
"helperImprovements":[0.0, 0.0, 0.0, 0.0, 0.0, 0.0, 0.0, 0.0, 0.0, 0.0, 0.0, 0.0, 0.0, 0.0, 0.0, 0.0, 0.0, 0.0, 0.0, 0.0, 0.0],
"regularImprovements":[0.0, 29759.427380453097, 191.35501760930492, 34.80334771931666, 89.66855876657792, 2.836823738827661, 0.0, 0.0, 0.0, 0.0, 0.0, 23.870268242761085, 126.52933863490762, 160.64290102045197, 38.536573219142156, 0.7495099606239819, 3.0345606709524873, 1.4967541738369619, 0.3822028466529446, 0.0, 0.0],
"numWorkings":[0, 1, 1, 1, 1, 1, 1, 1, 1, 1, 1, 1, 1, 1, 1, 1, 1, 1, 1, 1, 1],
"totalWorkingTimes":[0, 65226, 61097, 61551, 59441, 57746, 60923, 60549, 59996, 58158, 57898, 58413, 59089, 59118, 58328, 52731, 57717, 56008, 58340, 55444, 59875]}