
{"problemName":"R210_2.TXT",
"populationK":1,
"lsRunTime":70000,
"addFirstNeighborhoods":true,
"numHelperNeighborhoods":0,
"numRounds":20,
"numMappers":1,
"roundLengths":[0, 83422, 79888, 79548, 79357, 80144, 77870, 77724, 79485, 78961, 80008, 78790, 81622, 81954, 79630, 80770, 81870, 78760, 81279, 76407, 80462],
"bestSolCosts":[65119.46558808469, 38888.252108977154, 38856.53016880796, 38661.35821958831, 38627.55964111745, 38627.55964111745, 38589.43284612091, 38525.08107007518, 38438.083036589385, 38353.305880537046, 38188.74296329029, 38188.15663054792, 38188.15663054792, 38142.527535705296, 38058.1848756971, 38058.1848756971, 38058.1848756971, 38058.1848756971, 38058.1848756971, 38058.1848756971, 38058.1848756971],
"helperTimes":[0, 0, 0, 0, 0, 0, 0, 0, 1, 0, 0, 0, 0, 0, 0, 0, 0, 0, 0, 0, 0],
"regularTimes":[0, 65389, 54686, 60787, 59612, 56928, 56779, 58892, 61243, 59642, 59682, 55906, 60955, 57051, 53616, 54096, 55812, 56142, 58530, 58428, 60184],
"helperSuccessfuls":[0, 0, 0, 0, 0, 0, 0, 0, 0, 0, 0, 0, 0, 0, 0, 0, 0, 0, 0, 0, 0],
"helperTrieds":[0, 0, 0, 0, 0, 0, 0, 0, 0, 0, 0, 0, 0, 0, 0, 0, 0, 0, 0, 0, 0],
"regularSuccessfuls":[0, 1589, 22, 38, 13, 0, 5, 9, 17, 12, 35, 1, 0, 5, 10, 0, 0, 0, 0, 0, 0],
"regularTrieds":[0, 20492, 20821, 21220, 20818, 16032, 17659, 17115, 18912, 20464, 23924, 20127, 21813, 25978, 19945, 22079, 17533, 19383, 20437, 23501, 19508],
"helperImprovements":[0.0, 0.0, 0.0, 0.0, 0.0, 0.0, 0.0, 0.0, 0.0, 0.0, 0.0, 0.0, 0.0, 0.0, 0.0, 0.0, 0.0, 0.0, 0.0, 0.0, 0.0],
"regularImprovements":[0.0, 26231.213479107537, 31.72194016919093, 195.1719492196571, 33.79857847085805, 0.0, 38.12679499654041, 64.35177604572527, 86.99803348579735, 84.7771560523397, 164.56291724675248, 0.5863327423721785, 0.0, 45.62909484262491, 84.3426600081948, 0.0, 0.0, 0.0, 0.0, 0.0, 0.0],
"numWorkings":[0, 1, 1, 1, 1, 1, 1, 1, 1, 1, 1, 1, 1, 1, 1, 1, 1, 1, 1, 1, 1],
"totalWorkingTimes":[0, 65389, 54686, 60787, 59612, 56928, 56779, 58892, 61244, 59642, 59682, 55906, 60955, 57051, 53616, 54096, 55812, 56142, 58530, 58428, 60184]}