ù{"problemName":"R210_2.TXT",
"populationK":1,
"lsRunTime":70000,
"addFirstNeighborhoods":true,
"numHelperNeighborhoods":0,
"numRounds":20,
"numMappers":2,
"roundLengths":[0, 82401, 80882, 79764, 78164, 78120, 81902, 76701, 81486, 79945, 79891, 79985, 80194, 81235, 77909, 81771, 78617, 77722, 81131, 78076, 79106],
"bestSolCosts":[70316.90678632313, 40280.87898624568, 39799.13527339134, 39381.209838055554, 39334.01304467493, 39238.99383874947, 39107.05622207161, 39054.312259980245, 39049.4854875051, 39039.848289709866, 39039.41556210299, 39037.17028863692, 39037.17028863692, 38758.599799525444, 38753.35995000662, 38751.72836614902, 38697.19588976277, 38569.6480969625, 38569.60658551463, 38568.824165406506, 38568.19165803193],
"helperTimes":[0, 0, 11, 38, 51, 45, 46, 30, 32, 52, 0, 0, 0, 0, 33, 55, 47, 37, 40, 0, 0],
"regularTimes":[0, 65262, 60297, 60348, 59215, 58180, 60238, 60012, 59522, 58734, 58352, 57219, 56515, 52958, 56157, 55620, 57166, 56568, 57500, 56537, 58593],
"helperSuccessfuls":[0, 0, 0, 0, 0, 0, 0, 0, 0, 0, 0, 0, 0, 0, 0, 0, 0, 0, 0, 0, 0],
"helperTrieds":[0, 0, 1, 1, 1, 1, 1, 1, 1, 1, 0, 0, 0, 0, 1, 1, 1, 1, 1, 0, 0],
"regularSuccessfuls":[0, 1805, 120, 67, 33, 16, 30, 16, 3, 5, 1, 4, 0, 34, 5, 6, 24, 22, 1, 2, 1],
"regularTrieds":[0, 21522, 12103, 20966, 16965, 18519, 19212, 17494, 19559, 19868, 19637, 19516, 18699, 20101, 21604, 15004, 17764, 19440, 20997, 16968, 17904],
"helperImprovements":[0.0, 0.0, 0.0, 0.0, 0.0, 0.0, 0.0, 0.0, 0.0, 0.0, 0.0, 0.0, 0.0, 0.0, 0.0, 0.0, 0.0, 0.0, 0.0, 0.0, 0.0],
"regularImprovements":[0.0, 30036.02780007745, 481.7437128543461, 417.9254353357828, 47.196793380622694, 95.0192059254623, 131.9376166778602, 52.743962091364665, 4.8267724751422065, 9.637197795236716, 0.4327276068725041, 2.245273466076469, 0.0, 278.57048911147285, 5.239849518824485, 1.631583857597434, 54.5324763862518, 127.54779280027287, 0.04151144786737859, 0.7824201081239153, 0.6325073745756526],
"numWorkings":[0, 2, 2, 2, 2, 2, 2, 2, 2, 2, 2, 2, 2, 2, 2, 2, 2, 2, 2, 2, 2],
"totalWorkingTimes":[0, 130036, 120469, 120860, 118691, 117160, 120775, 119588, 119140, 117449, 116404, 115210, 110856, 110570, 106890, 111183, 114406, 113035, 115414, 114531, 117002]}