z{"problemName":"R210_2.TXT",
"populationK":1,
"lsRunTime":70000,
"addFirstNeighborhoods":true,
"numHelperNeighborhoods":0,
"numRounds":20,
"numMappers":2,
"roundLengths":[0, 83284, 77985, 78440, 79386, 78190, 79817, 81034, 78067, 78063, 81863, 79984, 79217, 80209, 80919, 77757, 76518, 80910, 81278, 76411, 80462],
"bestSolCosts":[70828.7006608288, 38515.21813668164, 37969.50196253585, 37865.320110755245, 37819.31566300937, 37749.04151886829, 37748.61496196552, 37748.61496196552, 37690.30932817169, 37591.3496794223, 37510.45032657864, 37201.98320154043, 37172.04829793975, 37162.598499329535, 37050.74780693558, 37049.446170147065, 37048.23124311602, 37048.23124311602, 37048.23124311602, 37048.23124311602, 37048.23124311602],
"helperTimes":[0, 0, 12, 38, 29, 40, 27, 0, 0, 89, 58, 31, 35, 30, 31, 66, 0, 0, 0, 0, 0],
"regularTimes":[0, 63677, 59587, 58271, 58674, 57920, 58670, 59481, 58759, 57919, 60712, 55633, 57387, 58521, 53163, 51675, 57284, 59158, 57701, 58439, 59928],
"helperSuccessfuls":[0, 0, 0, 0, 1, 0, 0, 0, 0, 1, 0, 0, 0, 0, 0, 0, 0, 0, 0, 0, 0],
"helperTrieds":[0, 0, 1, 1, 1, 1, 1, 0, 0, 1, 1, 1, 1, 1, 1, 1, 0, 0, 0, 0, 0],
"regularSuccessfuls":[0, 1794, 86, 14, 8, 13, 1, 0, 5, 39, 15, 24, 10, 2, 5, 2, 5, 0, 0, 0, 0],
"regularTrieds":[0, 23087, 26207, 21856, 20253, 17919, 22320, 19461, 22332, 16745, 20568, 22680, 19362, 24289, 20744, 16966, 9633, 15664, 19374, 21799, 22946],
"helperImprovements":[0.0, 0.0, 0.0, 0.0, 0.4591346677625552, 0.0, 0.0, 0.0, 0.0, 0.13169307795760687, 0.0, 0.0, 0.0, 0.0, 0.0, 0.0, 0.0, 0.0, 0.0, 0.0, 0.0],
"regularImprovements":[0.0, 32313.48252414717, 545.7161741457894, 104.1818517806023, 45.54531307810976, 70.27414414108353, 0.42655690277024405, 0.0, 58.305633793832385, 98.82795567142603, 80.8993528436622, 308.4671250382089, 29.934903600682446, 9.449798610214202, 111.8506923939567, 1.3016367885138607, 1.2149270310474094, 0.0, 0.0, 0.0, 0.0],
"numWorkings":[0, 2, 2, 2, 2, 2, 2, 2, 2, 2, 2, 2, 2, 2, 2, 2, 2, 2, 2, 2, 2],
"totalWorkingTimes":[0, 127164, 119261, 116193, 116994, 115055, 117475, 121906, 117250, 116035, 121620, 109074, 114898, 117223, 106558, 103788, 109335, 118002, 115789, 114011, 119996]}