—{"problemName":"R210_2.TXT",
"populationK":1,
"lsRunTime":70000,
"addFirstNeighborhoods":true,
"numHelperNeighborhoods":0,
"numRounds":20,
"numMappers":2,
"roundLengths":[0, 82373, 78063, 78367, 80381, 77108, 79894, 79031, 78999, 77099, 81025, 77841, 80302, 80216, 80832, 79777, 81748, 78939, 81175, 76351, 77347],
"bestSolCosts":[66477.45771377729, 41930.10879255471, 40917.973683932236, 40597.564863519976, 40537.87070835052, 40399.50975361632, 40350.35974378108, 40350.29156422797, 40198.20589594974, 39930.408943382114, 39822.92414864077, 39120.163201727584, 38685.230872421365, 38654.834365014685, 38630.200487788694, 38627.33775947905, 38627.33775947905, 38626.53997526252, 38626.53997526252, 38626.53997526252, 38626.53997526252],
"helperTimes":[0, 0, 16, 18, 93, 45, 34, 39, 0, 28, 107, 49, 41, 34, 63, 21, 39, 0, 0, 0, 0],
"regularTimes":[0, 64638, 55192, 58026, 58326, 60416, 59955, 57925, 51259, 58319, 59132, 56339, 59432, 53459, 51286, 59527, 59667, 57817, 56350, 56110, 54186],
"helperSuccessfuls":[0, 0, 0, 0, 1, 0, 0, 0, 0, 0, 0, 1, 0, 0, 0, 0, 0, 0, 0, 0, 0],
"helperTrieds":[0, 0, 1, 1, 1, 1, 1, 1, 0, 1, 1, 1, 1, 1, 1, 1, 1, 0, 0, 0, 0],
"regularSuccessfuls":[0, 2397, 164, 81, 17, 33, 23, 1, 10, 50, 7, 99, 79, 12, 5, 1, 0, 2, 0, 0, 0],
"regularTrieds":[0, 23434, 20586, 21914, 13434, 19691, 19989, 21351, 18602, 22808, 19266, 19361, 18548, 17453, 21973, 20893, 23891, 18659, 18984, 16262, 17600],
"helperImprovements":[0.0, 0.0, 0.0, 0.0, 1.2718488792306744, 0.0, 0.0, 0.0, 0.0, 0.0, 0.0, 10.94439730875456, 0.0, 0.0, 0.0, 0.0, 0.0, 0.0, 0.0, 0.0, 0.0],
"regularImprovements":[0.0, 65757.06213990506, 1012.135108622475, 320.40882041225996, 58.42230629022379, 138.36095473419846, 49.15000983524078, 0.06817955311271362, 152.08566827823233, 267.7969525676235, 107.48479474134365, 691.8165496044312, 434.9323293062189, 30.39650740668003, 24.633877225991455, 2.862728309642989, 0.0, 0.7977842165273614, 0.0, 0.0, 0.0],
"numWorkings":[0, 2, 2, 2, 2, 2, 2, 2, 2, 2, 2, 2, 2, 2, 2, 2, 2, 2, 2, 2, 2],
"totalWorkingTimes":[0, 129306, 113137, 117916, 116678, 121055, 120308, 115806, 102595, 116378, 118283, 115047, 118137, 106503, 102717, 119103, 119411, 115647, 113882, 111533, 108241]}