 {"problemName":"R210_2.TXT",
"populationK":1,
"lsRunTime":70000,
"addFirstNeighborhoods":true,
"numHelperNeighborhoods":0,
"numRounds":20,
"numMappers":2,
"roundLengths":[0, 81395, 77066, 79372, 77376, 79108, 77896, 78064, 80030, 78050, 78997, 78922, 80234, 79230, 76803, 79763, 78617, 80045, 80045, 76411, 81462],
"bestSolCosts":[62561.543718686655, 41255.6296782559, 40588.52412339942, 39950.48858442186, 39785.15916804224, 39525.50185825944, 39244.07703132686, 39112.09930284058, 39043.55830831633, 38940.961281216805, 38872.94955584903, 38821.0142005523, 38809.76244235437, 38743.25998338559, 38738.58167176116, 38723.83241592241, 38719.55252644575, 38719.55252644575, 38717.44776820457, 38716.41925200953, 38716.155808197494],
"helperTimes":[0, 0, 16, 36, 25, 46, 39, 31, 24, 45, 0, 30, 0, 0, 33, 23, 0, 54, 0, 64, 43],
"regularTimes":[0, 65602, 60303, 61592, 58947, 59821, 57019, 55177, 56629, 57235, 55153, 56673, 58192, 59611, 59274, 60327, 58521, 57002, 51649, 55861, 59816],
"helperSuccessfuls":[0, 0, 0, 0, 0, 0, 0, 0, 0, 0, 0, 0, 0, 0, 0, 0, 0, 0, 0, 1, 0],
"helperTrieds":[0, 0, 1, 1, 1, 1, 1, 1, 1, 1, 0, 1, 0, 0, 1, 1, 0, 1, 0, 1, 1],
"regularSuccessfuls":[0, 1490, 174, 117, 58, 60, 46, 26, 10, 14, 27, 22, 3, 24, 8, 5, 5, 0, 2, 0, 1],
"regularTrieds":[0, 16489, 21019, 23336, 16452, 22248, 18907, 18961, 21694, 22945, 18532, 21323, 21527, 22387, 20402, 22023, 24316, 18574, 19592, 21520, 22843],
"helperImprovements":[0.0, 0.0, 0.0, 0.0, 0.0, 0.0, 0.0, 0.0, 0.0, 0.0, 0.0, 0.0, 0.0, 0.0, 0.0, 0.0, 0.0, 0.0, 0.0, 1.0285161950378097, 0.0],
"regularImprovements":[0.0, 21305.914040430755, 667.1055548564836, 638.0355389775577, 165.3294163796163, 259.65730978280044, 281.4248269325835, 131.97772848627937, 68.54099452424998, 102.59702709952398, 68.01172536777449, 51.93535529672954, 11.251758197933668, 66.50245896877459, 4.678311624433263, 14.749255838753015, 4.279889476660173, 0.0, 2.1047582411774783, 0.0, 0.2634438120367122],
"numWorkings":[0, 2, 2, 2, 2, 2, 2, 2, 2, 2, 2, 2, 2, 2, 2, 2, 2, 2, 2, 2, 2],
"totalWorkingTimes":[0, 131188, 120556, 123062, 117965, 119192, 113955, 110582, 113295, 114495, 110368, 113060, 116317, 119242, 118724, 120631, 117139, 114272, 102230, 111324, 119733]}