{"problemName":"R210_2.TXT",
"populationK":1,
"lsRunTime":70000,
"addFirstNeighborhoods":true,
"numHelperNeighborhoods":0,
"numRounds":20,
"numMappers":5,
"roundLengths":[0, 82321, 79073, 80366, 78374, 78112, 76860, 80034, 78937, 80210, 75996, 78981, 78176, 79034, 78105, 81770, 77776, 77804, 79167, 79353, 78355],
"bestSolCosts":[63599.5452129707, 37169.91053196989, 36891.63706025219, 36358.24941677398, 36358.24941677398, 36328.84870806207, 36328.84870806207, 36322.44883871236, 36173.16519880018, 36164.2863957016, 35916.97242798408, 35861.91704286316, 35861.577384327145, 35861.577384327145, 35861.577384327145, 35861.577384327145, 35861.577384327145, 35861.577384327145, 35861.577384327145, 35861.577384327145, 35861.577384327145],
"helperTimes":[0, 0, 17, 27, 27, 0, 34, 0, 0, 31, 60, 39, 17, 0, 0, 0, 0, 0, 0, 0, 0],
"regularTimes":[0, 64386, 57835, 57744, 57060, 52408, 54774, 57930, 55265, 52181, 57927, 58733, 58499, 58368, 57494, 56035, 57100, 52112, 57120, 58054, 56094],
"helperSuccessfuls":[0, 0, 0, 0, 0, 0, 0, 0, 0, 0, 0, 0, 0, 0, 0, 0, 0, 0, 0, 0, 0],
"helperTrieds":[0, 0, 1, 1, 1, 0, 1, 0, 0, 1, 1, 1, 1, 0, 0, 0, 0, 0, 0, 0, 0],
"regularSuccessfuls":[0, 1479, 57, 58, 0, 5, 0, 3, 10, 5, 32, 11, 2, 0, 0, 0, 0, 0, 0, 0, 0],
"regularTrieds":[0, 19975, 18916, 17396, 17079, 14732, 20385, 18447, 17829, 14343, 17698, 21041, 20807, 21133, 19396, 15196, 18803, 15316, 18446, 20368, 18084],
"helperImprovements":[0.0, 0.0, 0.0, 0.0, 0.0, 0.0, 0.0, 0.0, 0.0, 0.0, 0.0, 0.0, 0.0, 0.0, 0.0, 0.0, 0.0, 0.0, 0.0, 0.0, 0.0],
"regularImprovements":[0.0, 26429.63468100081, 278.2734717176936, 533.3876434782142, 0.0, 29.40070871190983, 0.0, 6.3998693497123895, 149.28363991217338, 8.878803098581557, 247.31396771752043, 55.0553851209188, 0.33965853601694107, 0.0, 0.0, 0.0, 0.0, 0.0, 0.0, 0.0, 0.0],
"numWorkings":[0, 5, 5, 5, 5, 5, 5, 5, 5, 5, 5, 5, 5, 5, 5, 5, 5, 5, 5, 5, 5],
"totalWorkingTimes":[0, 317838, 300632, 297441, 283725, 268232, 273604, 292507, 275546, 261034, 290275, 292499, 298003, 289644, 287722, 284385, 285552, 258970, 288411, 287210, 282726]}