G{"problemName":"R210_2.TXT",
"populationK":1,
"lsRunTime":70000,
"addFirstNeighborhoods":true,
"numHelperNeighborhoods":0,
"numRounds":20,
"numMappers":5,
"roundLengths":[0, 81313, 80061, 80383, 78371, 79127, 76878, 79993, 80078, 78082, 79999, 79976, 78175, 84242, 80921, 79662, 78875, 78807, 81171, 77442, 78937],
"bestSolCosts":[65527.70210773562, 40159.8176137147, 39346.20988956806, 39077.78375346382, 38903.66220513124, 38835.71032542382, 38835.71032542382, 38835.71032542382, 38835.71032542382, 38809.20199012157, 38792.08338704621, 38791.869105902195, 38791.869105902195, 38791.869105902195, 38791.869105902195, 38791.869105902195, 38752.01392781659, 38732.95209419532, 38706.782937833676, 38637.72958472573, 38626.327122548464],
"helperTimes":[0, 0, 16, 23, 18, 80, 27, 0, 0, 0, 0, 27, 49, 0, 0, 0, 0, 0, 37, 33, 65],
"regularTimes":[0, 64617, 59590, 53104, 53601, 50733, 56622, 60109, 60085, 58919, 60221, 60101, 58823, 56677, 58735, 59144, 59117, 59262, 53985, 57105, 58553],
"helperSuccessfuls":[0, 0, 0, 0, 0, 0, 0, 0, 0, 0, 0, 0, 0, 0, 0, 0, 0, 0, 0, 0, 0],
"helperTrieds":[0, 0, 1, 1, 1, 1, 1, 0, 0, 0, 0, 1, 1, 0, 0, 0, 0, 0, 1, 1, 1],
"regularSuccessfuls":[0, 1716, 105, 86, 27, 26, 0, 0, 0, 2, 10, 1, 0, 0, 0, 0, 21, 17, 7, 21, 7],
"regularTrieds":[0, 21974, 23038, 18598, 19124, 17098, 19567, 22220, 23330, 19652, 23814, 20529, 20006, 19972, 22844, 15459, 18273, 20844, 20271, 18298, 17567],
"helperImprovements":[0.0, 0.0, 0.0, 0.0, 0.0, 0.0, 0.0, 0.0, 0.0, 0.0, 0.0, 0.0, 0.0, 0.0, 0.0, 0.0, 0.0, 0.0, 0.0, 0.0, 0.0],
"regularImprovements":[0.0, 27065.054951123886, 813.607724146641, 268.4261361042445, 174.12154833257955, 67.95187970741972, 0.0, 0.0, 0.0, 26.50833530224918, 17.118603075359715, 0.21428114401351195, 0.0, 0.0, 0.0, 0.0, 39.855178085606894, 19.061833621264668, 26.169156361647765, 69.05335310794908, 11.40246217726235],
"numWorkings":[0, 5, 5, 5, 5, 5, 5, 5, 5, 5, 5, 5, 5, 5, 5, 5, 5, 5, 5, 5, 5],
"totalWorkingTimes":[0, 318788, 300672, 275658, 267377, 260080, 282468, 302232, 301138, 289370, 302609, 300691, 294857, 300313, 293341, 294679, 295201, 296684, 274087, 272467, 294363]}