b{"problemName":"R210_2.TXT",
"populationK":1,
"lsRunTime":70000,
"addFirstNeighborhoods":true,
"numHelperNeighborhoods":0,
"numRounds":20,
"numMappers":5,
"roundLengths":[0, 81309, 79059, 96418, 77387, 88885, 94022, 86174, 90965, 78738, 79130, 78213, 82015, 79116, 87793, 78234, 78448, 90188, 78440, 88960, 77710],
"bestSolCosts":[71242.64952863773, 36081.53713280053, 35742.810807239046, 35595.298656641855, 35532.219644965, 35408.98327815986, 35336.495500402445, 35335.97094885127, 35261.373124804006, 35210.44457841046, 35177.02446508621, 35177.02446508621, 35150.33420441842, 35056.694403426445, 34996.01670405921, 34993.46660298147, 34993.46660298147, 34993.46660298147, 34993.46660298147, 34993.46660298147, 34993.46660298147],
"helperTimes":[0, 0, 23, 38, 55, 147, 26, 81, 50, 35, 41, 0, 0, 0, 57, 22, 0, 0, 0, 0, 0],
"regularTimes":[0, 62600, 59719, 59941, 55997, 59071, 55237, 58403, 71749, 57853, 57487, 63136, 56172, 53680, 57252, 52631, 53659, 60286, 53262, 60538, 57249],
"helperSuccessfuls":[0, 0, 0, 0, 0, 0, 0, 1, 0, 1, 0, 0, 0, 0, 0, 0, 0, 0, 0, 0, 0],
"helperTrieds":[0, 0, 1, 1, 1, 1, 1, 1, 1, 1, 1, 0, 0, 0, 1, 1, 0, 0, 0, 0, 0],
"regularSuccessfuls":[0, 1721, 36, 26, 8, 14, 15, 2, 19, 26, 5, 0, 6, 16, 11, 2, 0, 0, 0, 0, 0],
"regularTrieds":[0, 12257, 15699, 11342, 14741, 9787, 7294, 11459, 8113, 8706, 11058, 9116, 9149, 8468, 10109, 8278, 8142, 8283, 8870, 11727, 9398],
"helperImprovements":[0.0, 0.0, 0.0, 0.0, 0.0, 0.0, 0.0, 0.2262431405542884, 0.0, 0.6354132792548626, 0.0, 0.0, 0.0, 0.0, 0.0, 0.0, 0.0, 0.0, 0.0, 0.0, 0.0],
"regularImprovements":[0.0, 36703.76937308183, 338.72632556148164, 147.51215059719107, 63.07901167685486, 123.23636680514028, 72.48777775741473, 0.2983084106235765, 74.59782404726138, 50.29313311428996, 33.42011332425318, 0.0, 26.690260667790426, 93.63980099197215, 60.67769936723198, 2.55010107774433, 0.0, 0.0, 0.0, 0.0, 0.0],
"numWorkings":[0, 5, 5, 5, 5, 5, 5, 5, 5, 5, 5, 5, 5, 5, 5, 5, 5, 5, 5, 5, 5],
"totalWorkingTimes":[0, 320730, 287286, 321978, 265667, 313503, 303512, 310440, 306150, 290323, 291770, 286712, 289219, 262350, 294085, 272997, 268711, 313837, 256005, 316498, 287784]}