`{"problemName":"R210_2.TXT",
"populationK":1,
"lsRunTime":70000,
"addFirstNeighborhoods":true,
"numHelperNeighborhoods":0,
"numRounds":20,
"numMappers":5,
"roundLengths":[0, 82370, 79057, 80380, 78369, 77716, 79296, 78016, 78898, 82242, 78614, 78324, 78215, 80225, 80926, 79654, 82778, 77914, 80168, 79439, 79984],
"bestSolCosts":[71638.30138084033, 39082.237594300095, 38628.226022488285, 38265.73838311306, 37870.5173651132, 37556.796186282554, 37506.80306096011, 37487.57034732339, 37479.014998020044, 37478.2730428779, 37435.193326097586, 37419.79766897533, 37313.638811654244, 37312.107648378566, 37299.44545095858, 37298.54533442152, 37298.54533442152, 37298.54533442152, 37298.54533442152, 37298.54533442152, 37298.54533442152],
"helperTimes":[0, 0, 12, 16, 21, 24, 51, 24, 48, 28, 41, 30, 42, 0, 25, 62, 0, 0, 0, 0, 0],
"regularTimes":[0, 60484, 57643, 54228, 53537, 57572, 58883, 54842, 59588, 60759, 58188, 57432, 53528, 59907, 58909, 57916, 58729, 54549, 58605, 57431, 54725],
"helperSuccessfuls":[0, 0, 0, 0, 0, 0, 0, 0, 0, 0, 0, 1, 0, 0, 0, 0, 0, 0, 0, 0, 0],
"helperTrieds":[0, 0, 1, 1, 1, 1, 1, 1, 1, 1, 1, 1, 1, 0, 1, 1, 0, 0, 0, 0, 0],
"regularSuccessfuls":[0, 1934, 53, 53, 50, 68, 6, 8, 4, 3, 9, 0, 15, 6, 3, 2, 0, 0, 0, 0, 0],
"regularTrieds":[0, 20839, 21957, 18199, 17634, 15780, 20300, 19174, 20583, 19911, 20938, 18980, 15146, 19996, 19479, 19832, 20571, 17333, 20204, 20571, 17797],
"helperImprovements":[0.0, 0.0, 0.0, 0.0, 0.0, 0.0, 0.0, 0.0, 0.0, 0.0, 0.0, 15.395657122258854, 0.0, 0.0, 0.0, 0.0, 0.0, 0.0, 0.0, 0.0, 0.0],
"regularImprovements":[0.0, 32938.46757246126, 454.0115718118104, 362.48763937522745, 395.2210179998583, 313.72117883064493, 49.99312532244221, 19.23271363672393, 8.555349303343974, 0.7419551421407959, 43.07971678031754, 0.0, 106.1588573210829, 1.5311632756784093, 12.662197419987933, 0.900116537057329, 0.0, 0.0, 0.0, 0.0, 0.0],
"numWorkings":[0, 5, 5, 5, 5, 5, 5, 5, 5, 5, 5, 5, 5, 5, 5, 5, 5, 5, 5, 5, 5],
"totalWorkingTimes":[0, 311942, 297414, 285263, 279437, 289379, 295389, 274067, 297968, 302184, 277862, 287729, 270114, 298861, 290116, 293958, 292944, 274742, 295425, 287608, 273672]}