ÿ{"problemName":"rc110_1.txt",
"populationK":3,
"lsRunTime":70000,
"addFirstNeighborhoods":true,
"numHelperNeighborhoods":0,
"numRounds":20,
"numMappers":100,
"roundLengths":[0, 109373, 84083, 84282, 95761, 79851, 74650, 83237, 83083, 75818, 96089, 84049, 96233, 108320, 91056, 91634, 91705, 91352, 78681, 80805, 77834],
"bestSolCosts":[69153.33201222168, 49744.41204505071, 49108.39167798747, 48732.201447261556, 48559.060952849555, 48441.76356939922, 48330.936220589036, 48203.14256855521, 48145.52943939969, 48083.14102676461, 48059.40622842753, 47994.79848942792, 47977.50560553529, 47924.794171791524, 47842.96510349278, 47812.325507980844, 47790.12025896758, 47786.06245323304, 47741.149907603365, 47720.60127582446, 47693.840103210605],
"helperTimes":[0, 0, 43, 39, 34, 29, 58, 30, 74, 81, 116, 31, 286, 126, 93, 100, 76, 18, 105, 59, 24],
"regularTimes":[0, 62316, 48220, 50557, 54149, 51830, 49852, 50573, 51595, 50247, 56489, 56182, 34511, 57427, 53664, 58460, 51071, 53527, 58999, 57653, 58856],
"helperSuccessfuls":[0, 0, 0, 0, 0, 0, 0, 0, 0, 0, 0, 0, 0, 1, 0, 0, 0, 0, 1, 0, 0],
"helperTrieds":[0, 0, 1, 1, 1, 1, 1, 1, 1, 1, 1, 1, 1, 1, 1, 1, 1, 1, 1, 1, 1],
"regularSuccessfuls":[0, 1333, 107, 73, 71, 32, 16, 30, 25, 14, 14, 4, 6, 18, 8, 3, 4, 2, 10, 7, 4],
"regularTrieds":[0, 6376, 3308, 4542, 7293, 6365, 7148, 9733, 8974, 9937, 7495, 10623, 3967, 7939, 6091, 8059, 10374, 10546, 7725, 9700, 11303],
"helperImprovements":[0.0, 0.0, 0.0, 0.0, 0.0, 0.0, 0.0, 0.0, 0.0, 0.0, 0.0, 0.0, 0.0, 2.8042371591582196, 0.0, 0.0, 0.0, 0.0, 0.5811430601024767, 0.0, 0.0],
"regularImprovements":[0.0, 23363.73204278356, 636.02036706324, 377.49302818263095, 216.05382876409567, 161.26132560984115, 110.82734881018405, 131.2189186117903, 126.28741838187852, 62.38841263507493, 23.734798337085522, 66.21560337088886, 17.292883892630925, 52.07766758580692, 81.82906829874264, 30.639595511936932, 33.28010557292146, 4.057805734541034, 44.331402569572674, 37.348394567728974, 26.761172613856615],
"numWorkings":[0, 99, 100, 88, 100, 100, 94, 93, 99, 94, 94, 98, 62, 91, 95, 100, 100, 95, 100, 100, 98],
"totalWorkingTimes":[0, 6186933, 5016933, 4592637, 5305739, 5247322, 4694734, 4811786, 5088844, 4808497, 5363029, 5505134, 3896923, 4959198, 5176779, 4904938, 5174750, 5112852, 5715583, 5176152, 5690529]}