V{"problemName":"R210_2.TXT",
"populationK":1,
"lsRunTime":70000,
"addFirstNeighborhoods":true,
"numHelperNeighborhoods":0,
"numRounds":20,
"numMappers":10,
"roundLengths":[0, 81174, 80069, 78371, 78367, 78834, 76173, 81063, 82038, 80083, 78597, 79476, 80067, 80239, 78898, 80668, 76926, 78753, 79171, 78441, 77935],
"bestSolCosts":[59673.308557452474, 35593.630136657426, 35163.284086326195, 34855.44465976065, 34815.39083533296, 34752.8225909156, 34682.26258272957, 34651.175809844084, 34644.73364657772, 34580.68608313264, 34579.08421196039, 34564.30811682777, 34497.31618151506, 34497.31618151506, 34497.31618151506, 34497.31618151506, 34497.31618151506, 34497.31618151506, 34497.31618151506, 34497.31618151506, 34497.31618151506],
"helperTimes":[0, 0, 13, 20, 24, 50, 94, 37, 100, 60, 53, 51, 0, 37, 0, 0, 0, 0, 0, 0, 0],
"regularTimes":[0, 61752, 57049, 57211, 55419, 60925, 57653, 57621, 55312, 60514, 58329, 58231, 61749, 60324, 57894, 59694, 59406, 55482, 56586, 54756, 61035],
"helperSuccessfuls":[0, 0, 0, 0, 0, 0, 0, 0, 0, 1, 0, 0, 0, 0, 0, 0, 0, 0, 0, 0, 0],
"helperTrieds":[0, 0, 1, 1, 1, 1, 1, 1, 1, 1, 1, 1, 0, 1, 0, 0, 0, 0, 0, 0, 0],
"regularSuccessfuls":[0, 1709, 49, 57, 7, 12, 19, 15, 7, 10, 2, 2, 11, 0, 0, 0, 0, 0, 0, 0, 0],
"regularTrieds":[0, 19956, 20155, 13749, 18122, 19621, 12577, 14541, 14482, 16311, 13855, 14776, 14497, 15135, 17275, 14444, 16560, 12837, 15198, 16336, 17304],
"helperImprovements":[0.0, 0.0, 0.0, 0.0, 0.0, 0.0, 0.0, 0.0, 0.0, 1.3730466208580765, 0.0, 0.0, 0.0, 0.0, 0.0, 0.0, 0.0, 0.0, 0.0, 0.0, 0.0],
"regularImprovements":[0.0, 30268.60364777552, 430.3460503312308, 307.8394265655443, 40.053824427690415, 62.56824441735807, 70.56000818603206, 31.086772885486425, 6.442163266365242, 62.67451682421961, 1.6018711722499575, 14.776095132619957, 66.99193531271158, 0.0, 0.0, 0.0, 0.0, 0.0, 0.0, 0.0, 0.0],
"numWorkings":[0, 10, 10, 10, 10, 10, 9, 10, 10, 10, 10, 10, 10, 10, 10, 10, 10, 10, 10, 10, 10],
"totalWorkingTimes":[0, 622996, 573294, 575838, 578990, 600964, 516667, 556281, 565429, 596687, 583138, 578944, 610273, 604388, 599274, 597021, 548070, 555430, 592111, 550140, 608314]}