d{"problemName":"R210_2.TXT",
"populationK":1,
"lsRunTime":70000,
"addFirstNeighborhoods":true,
"numHelperNeighborhoods":0,
"numRounds":20,
"numMappers":10,
"roundLengths":[0, 81243, 78054, 81383, 77386, 77813, 80182, 77057, 80866, 76219, 78613, 79474, 77058, 82238, 80926, 76648, 79878, 81811, 79172, 77438, 77037],
"bestSolCosts":[58208.4625372292, 37083.24919276828, 36567.052380538116, 36370.81341994974, 36152.9647154353, 36094.49638540163, 36048.99067785415, 36047.71959476956, 36047.37317332403, 36047.37317332403, 36047.37317332403, 36009.82748075391, 36000.62947309231, 36000.62947309231, 36000.62947309231, 36000.62947309231, 35993.18419186917, 35993.18419186917, 35905.432902701614, 35794.24793748337, 35783.05255277361],
"helperTimes":[0, 0, 12, 33, 58, 53, 22, 42, 46, 36, 0, 0, 0, 20, 0, 0, 0, 0, 0, 57, 39],
"regularTimes":[0, 62301, 59758, 58814, 57525, 58554, 58153, 55769, 60325, 57380, 60263, 59357, 54597, 60880, 56964, 57676, 59833, 59663, 56048, 55170, 54224],
"helperSuccessfuls":[0, 0, 0, 0, 0, 0, 0, 0, 1, 0, 0, 0, 0, 0, 0, 0, 0, 0, 0, 0, 0],
"helperTrieds":[0, 0, 1, 1, 1, 1, 1, 1, 1, 1, 0, 0, 0, 1, 0, 0, 0, 0, 0, 1, 1],
"regularSuccessfuls":[0, 1937, 72, 29, 21, 16, 12, 3, 0, 0, 0, 14, 2, 0, 0, 0, 3, 0, 6, 14, 8],
"regularTrieds":[0, 20140, 17036, 15527, 15932, 15300, 12903, 13693, 13941, 15652, 14548, 16693, 11904, 15549, 15949, 14527, 16805, 14905, 11511, 17424, 11223],
"helperImprovements":[0.0, 0.0, 0.0, 0.0, 0.0, 0.0, 0.0, 0.0, 0.34642144553072285, 0.0, 0.0, 0.0, 0.0, 0.0, 0.0, 0.0, 0.0, 0.0, 0.0, 0.0, 0.0],
"regularImprovements":[0.0, 33873.89340799121, 516.1968122301623, 196.23896058837272, 217.84870451444294, 58.46833003366919, 45.505707547483325, 1.2710830845899181, 0.0, 0.0, 0.0, 37.545692570114625, 9.198007661601878, 0.0, 0.0, 0.0, 7.445281223139318, 0.0, 87.75128916755784, 111.18496521824272, 11.195384709761129],
"numWorkings":[0, 10, 10, 10, 10, 10, 10, 10, 10, 10, 10, 10, 10, 10, 10, 10, 10, 10, 10, 10, 9],
"totalWorkingTimes":[0, 625002, 603050, 592785, 585292, 534172, 582655, 589544, 603660, 554151, 598245, 574021, 572259, 609264, 581182, 557400, 589562, 598002, 557022, 539293, 498671]}