—{"problemName":"R210_2.TXT",
"populationK":1,
"lsRunTime":70000,
"addFirstNeighborhoods":true,
"numHelperNeighborhoods":0,
"numRounds":20,
"numMappers":10,
"roundLengths":[0, 82212, 79059, 80385, 79388, 82873, 79165, 78985, 79037, 75859, 78838, 77747, 77797, 80096, 80041, 78757, 79895, 79209, 79024, 79073, 78038],
"bestSolCosts":[56593.50165353043, 37009.165723329694, 36639.31245216116, 36345.999843889695, 36327.60162551034, 36327.60162551034, 36327.526503677575, 36327.526503677575, 36295.101095142, 36221.092361856245, 36120.901971241416, 36011.22188010335, 35941.91141416984, 35934.96723919544, 35897.64868111258, 35897.57935597832, 35892.04628923254, 35892.04628923254, 35841.96619037612, 35841.96619037612, 35802.040350276286],
"helperTimes":[0, 0, 13, 25, 48, 50, 0, 59, 0, 44, 21, 0, 87, 40, 30, 0, 18, 0, 0, 73, 0],
"regularTimes":[0, 62302, 52980, 56807, 55445, 42691, 51749, 57039, 57690, 51377, 57792, 56621, 60514, 58717, 56226, 55721, 55481, 56134, 58051, 52364, 56397],
"helperSuccessfuls":[0, 0, 0, 0, 0, 0, 0, 0, 0, 0, 0, 0, 1, 0, 0, 0, 0, 0, 0, 0, 0],
"helperTrieds":[0, 0, 1, 1, 1, 1, 0, 1, 0, 1, 1, 0, 1, 1, 1, 0, 1, 0, 0, 1, 0],
"regularSuccessfuls":[0, 1299, 65, 45, 12, 0, 1, 0, 6, 19, 7, 10, 21, 3, 6, 1, 3, 0, 3, 0, 9],
"regularTrieds":[0, 19102, 13768, 13325, 16188, 11606, 13880, 14907, 16239, 12415, 18583, 17179, 15648, 20940, 17589, 14723, 14933, 18334, 18168, 17130, 16294],
"helperImprovements":[0.0, 0.0, 0.0, 0.0, 0.0, 0.0, 0.0, 0.0, 0.0, 0.0, 0.0, 0.0, 1.683835032992647, 0.0, 0.0, 0.0, 0.0, 0.0, 0.0, 0.0, 0.0],
"regularImprovements":[0.0, 19584.335930200737, 369.85327116853296, 293.31260827146616, 18.398218379355967, 0.0, 0.07512183276412543, 0.0, 32.42540853557148, 74.00873328575835, 100.19039061482908, 109.68009113806329, 67.62663090052229, 6.9441749744000845, 37.318558082857635, 0.06932513425999787, 5.53306674578198, 0.0, 50.080098856415134, 0.0, 39.92584009983693],
"numWorkings":[0, 10, 10, 10, 10, 10, 10, 10, 10, 10, 10, 10, 10, 10, 10, 10, 10, 10, 10, 10, 10],
"totalWorkingTimes":[0, 627559, 535783, 589552, 554142, 462031, 536982, 563383, 546610, 543913, 584503, 576956, 594765, 586724, 558225, 573468, 555824, 569348, 570919, 550547, 561249]}