Õ{"problemName":"R210_2.TXT",
"populationK":1,
"lsRunTime":70000,
"addFirstNeighborhoods":true,
"numHelperNeighborhoods":0,
"numRounds":20,
"numMappers":10,
"roundLengths":[0, 81229, 79061, 78374, 73358, 75830, 78187, 79018, 77845, 83256, 79645, 80478, 78065, 78232, 81905, 78664, 76508, 81177, 79168, 77439, 81042],
"bestSolCosts":[66599.15263568325, 39256.155052213646, 38211.820400823526, 37628.55721577136, 37289.248564288086, 37127.07821883353, 36997.42659968417, 36872.297828504714, 36719.46396349721, 36617.88577128347, 36596.173699504936, 36589.5464960066, 36577.086930062615, 36570.22379348548, 36545.34829979098, 36545.34829979098, 36545.34829979098, 36545.34829979098, 36522.92347376827, 36497.61940889429, 36496.780742384035],
"helperTimes":[0, 0, 14, 31, 22, 40, 27, 53, 32, 25, 53, 38, 76, 39, 44, 0, 0, 0, 0, 0, 0],
"regularTimes":[0, 61750, 54635, 56040, 58047, 58950, 54189, 52496, 57337, 59512, 59646, 57739, 59512, 60310, 58166, 55938, 56471, 53193, 56101, 58368, 59446],
"helperSuccessfuls":[0, 0, 0, 0, 0, 0, 0, 1, 1, 0, 1, 0, 1, 0, 0, 0, 0, 0, 0, 0, 0],
"helperTrieds":[0, 0, 1, 1, 1, 1, 1, 1, 1, 1, 1, 1, 1, 1, 1, 0, 0, 0, 0, 0, 0],
"regularSuccessfuls":[0, 3415, 121, 89, 65, 33, 16, 19, 13, 29, 4, 2, 13, 2, 10, 0, 0, 0, 6, 3, 1],
"regularTrieds":[0, 20814, 13957, 11818, 12526, 11836, 13989, 9976, 12225, 12141, 14491, 12929, 8954, 14009, 9233, 11769, 12482, 11460, 10185, 13778, 11427],
"helperImprovements":[0.0, 0.0, 0.0, 0.0, 0.0, 0.0, 0.0, 0.3995587642566534, 2.1694386449598824, 0.0, 18.304533869180887, 0.0, 3.0712526986462763, 0.0, 0.0, 0.0, 0.0, 0.0, 0.0, 0.0, 0.0],
"regularImprovements":[0.0, 147027.45767908054, 1044.3346513901197, 583.2631850521648, 339.30865148327575, 162.1703454545568, 129.65161914935743, 124.72921241520089, 150.66442636254214, 101.57819221373938, 3.4075379093555966, 6.627203498333984, 9.388313245341124, 6.863136577136174, 24.87549369449698, 0.0, 0.0, 0.0, 22.424826022710477, 25.304064873984316, 0.8386665102516417],
"numWorkings":[0, 10, 10, 10, 9, 10, 10, 10, 10, 10, 10, 10, 10, 10, 10, 10, 10, 10, 10, 10, 10],
"totalWorkingTimes":[0, 613046, 556676, 591551, 507518, 577392, 546503, 543733, 579761, 581505, 565372, 580230, 578379, 600616, 574944, 568574, 564558, 576090, 570794, 563206, 583112]}