®{"problemName":"R210_2.TXT",
"populationK":1,
"lsRunTime":70000,
"addFirstNeighborhoods":true,
"numHelperNeighborhoods":0,
"numRounds":20,
"numMappers":20,
"roundLengths":[0, 81986, 80064, 80376, 75384, 95120, 86898, 75038, 78950, 71868, 77906, 77628, 78941, 77124, 80979, 78028, 79817, 80127, 77920, 79064, 79487],
"bestSolCosts":[58581.35617355879, 37474.14678932761, 36569.02291844295, 36358.62318135008, 36213.18110246327, 36059.44141995559, 35953.498963707636, 35917.52563438396, 35885.64449518155, 35777.3181797106, 35777.3181797106, 35777.3181797106, 35777.3181797106, 35770.07951480765, 35685.576166893334, 35640.55440265989, 35640.002260971414, 35640.002260971414, 35635.14143196205, 35635.14143196205, 35635.14143196205],
"helperTimes":[0, 0, 30, 31, 43, 51, 300, 32, 47, 65, 137, 0, 0, 0, 0, 33, 26, 74, 0, 0, 0],
"regularTimes":[0, 61668, 58037, 59029, 57859, 51745, 55640, 49048, 52592, 50655, 54409, 57916, 59040, 57375, 59062, 59914, 56771, 56156, 59883, 58858, 57164],
"helperSuccessfuls":[0, 0, 0, 0, 0, 1, 1, 0, 0, 1, 0, 0, 0, 0, 0, 1, 0, 0, 0, 0, 0],
"helperTrieds":[0, 0, 1, 1, 1, 1, 1, 1, 1, 1, 1, 0, 0, 0, 0, 1, 1, 1, 0, 0, 0],
"regularSuccessfuls":[0, 1472, 120, 22, 33, 30, 24, 6, 6, 13, 0, 0, 0, 1, 21, 6, 1, 0, 3, 0, 0],
"regularTrieds":[0, 17959, 11368, 17090, 16756, 14060, 18479, 16339, 15539, 14177, 17977, 16370, 20211, 16997, 17671, 19071, 16673, 20749, 16941, 18419, 18074],
"helperImprovements":[0.0, 0.0, 0.0, 0.0, 0.0, 2.8069554269095534, 13.710843032873527, 0.0, 0.0, 13.462478425157315, 0.0, 0.0, 0.0, 0.0, 0.0, 6.67805052393669, 0.0, 0.0, 0.0, 0.0, 0.0],
"regularImprovements":[0.0, 24818.714825897594, 905.1238708846649, 210.39973709287005, 145.4420788868083, 150.93272708076984, 92.23161321508087, 35.97332932367863, 31.881139202407212, 94.86383704579202, 0.0, 0.0, 0.0, 7.238664902950404, 84.50334791431669, 38.34371370950976, 0.552141688473057, 0.0, 4.860829009361623, 0.0, 0.0],
"numWorkings":[0, 20, 20, 20, 19, 19, 17, 17, 20, 19, 20, 20, 20, 20, 20, 20, 20, 20, 20, 20, 20],
"totalWorkingTimes":[0, 1240365, 1144838, 1196146, 1063294, 928159, 983451, 857579, 1088461, 971218, 1103808, 1136979, 1168494, 1039168, 1187411, 1182323, 1141818, 1157276, 1175647, 1156739, 1154355]}