¢{"problemName":"R210_2.TXT",
"populationK":1,
"lsRunTime":70000,
"addFirstNeighborhoods":true,
"numHelperNeighborhoods":0,
"numRounds":20,
"numMappers":20,
"roundLengths":[0, 83995, 78056, 80383, 93429, 78812, 85038, 76067, 78044, 80872, 80054, 79231, 80165, 80884, 77774, 77647, 78763, 81278, 76413, 79377, 79614],
"bestSolCosts":[55662.84998471034, 35592.07989379327, 34973.5503582971, 34613.22231008498, 34470.50985387087, 34364.593350925614, 34172.42368493274, 34156.66658730688, 34062.492709862614, 34055.94678753071, 34055.94678753071, 34046.35410061401, 34019.275023381, 34017.547769915735, 33999.55105270958, 33947.15519430283, 33860.74517045431, 33852.06240007794, 33781.128379986476, 33781.128379986476, 33781.128379986476],
"helperTimes":[0, 0, 20, 32, 31, 71, 28, 84, 43, 26, 0, 0, 0, 0, 43, 0, 56, 95, 44, 80, 0],
"regularTimes":[0, 63599, 58718, 58361, 69932, 58307, 53082, 47029, 51300, 48781, 57724, 49544, 52048, 52803, 48407, 55957, 53459, 54727, 53452, 56459, 51116],
"helperSuccessfuls":[0, 0, 0, 0, 0, 0, 0, 0, 0, 0, 0, 0, 0, 0, 0, 0, 0, 0, 0, 0, 0],
"helperTrieds":[0, 0, 1, 1, 1, 1, 1, 1, 1, 1, 0, 0, 0, 0, 1, 0, 1, 1, 1, 1, 0],
"regularSuccessfuls":[0, 1335, 67, 50, 18, 26, 18, 4, 20, 1, 0, 6, 8, 4, 7, 8, 8, 2, 11, 0, 0],
"regularTrieds":[0, 16271, 15651, 13414, 10007, 8898, 10810, 8181, 11919, 14531, 14056, 10354, 10667, 13597, 12912, 14170, 13189, 13765, 11915, 13266, 12356],
"helperImprovements":[0.0, 0.0, 0.0, 0.0, 0.0, 0.0, 0.0, 0.0, 0.0, 0.0, 0.0, 0.0, 0.0, 0.0, 0.0, 0.0, 0.0, 0.0, 0.0, 0.0, 0.0],
"regularImprovements":[0.0, 20070.770090917067, 618.5295354961709, 360.32804821211903, 142.71245621411072, 105.91650294525607, 192.16966599287116, 15.757097625864844, 94.17387744426378, 6.545922331904876, 0.0, 9.592686916701496, 27.07907723300741, 1.727253465265676, 17.996717206151516, 52.39585840675136, 86.4100238485189, 8.682770376370172, 70.93402009146666, 0.0, 0.0],
"numWorkings":[0, 20, 20, 20, 20, 20, 20, 19, 20, 20, 20, 20, 20, 20, 20, 20, 20, 20, 20, 20, 20],
"totalWorkingTimes":[0, 1237867, 1177557, 1196966, 1085994, 1170424, 1096391, 988183, 1083999, 1032560, 1004855, 1017807, 1057777, 1068219, 1026836, 1049857, 1081360, 1124333, 1082592, 1156511, 1054682]}