€{"problemName":"R210_2.TXT",
"populationK":1,
"lsRunTime":70000,
"addFirstNeighborhoods":true,
"numHelperNeighborhoods":0,
"numRounds":20,
"numMappers":20,
"roundLengths":[0, 81946, 80319, 80384, 79122, 77869, 79056, 80158, 77937, 80894, 80087, 80506, 82910, 76623, 81821, 79855, 78660, 78113, 78825, 79158, 78612],
"bestSolCosts":[53895.984206815905, 34350.1900164505, 34141.281146265, 33914.18498862754, 33809.444025541554, 33720.52234434385, 33671.825844137784, 33617.89600856725, 33611.15709751825, 33462.36424938455, 33429.807723998754, 33429.807723998754, 33429.807723998754, 33427.74561132871, 33427.74561132871, 33376.27599641156, 33373.493655225924, 33373.493655225924, 33373.493655225924, 33373.493655225924, 33373.493655225924],
"helperTimes":[0, 0, 13, 51, 23, 138, 68, 130, 32, 97, 75, 34, 0, 0, 0, 0, 0, 40, 0, 0, 0],
"regularTimes":[0, 64844, 57735, 52006, 53180, 55993, 57264, 54999, 53682, 49663, 52696, 54511, 56409, 51018, 46075, 48899, 42774, 57937, 50456, 60359, 45824],
"helperSuccessfuls":[0, 0, 0, 0, 0, 0, 0, 1, 0, 0, 0, 0, 0, 0, 0, 0, 0, 0, 0, 0, 0],
"helperTrieds":[0, 0, 1, 1, 1, 1, 1, 1, 1, 1, 1, 1, 0, 0, 0, 0, 0, 1, 0, 0, 0],
"regularSuccessfuls":[0, 1368, 33, 31, 10, 18, 11, 13, 6, 18, 8, 0, 0, 1, 0, 24, 1, 0, 0, 0, 0],
"regularTrieds":[0, 14279, 16276, 12397, 12508, 11560, 12538, 10280, 11618, 6766, 11907, 12719, 11690, 12735, 10687, 12472, 11345, 13525, 12561, 13329, 9731],
"helperImprovements":[0.0, 0.0, 0.0, 0.0, 0.0, 0.0, 0.0, 3.289954485378985, 0.0, 0.0, 0.0, 0.0, 0.0, 0.0, 0.0, 0.0, 0.0, 0.0, 0.0, 0.0, 0.0],
"regularImprovements":[0.0, 19545.794190365406, 208.90887018549984, 227.09615763746115, 104.74096308598382, 88.92168119770213, 48.69650020606787, 50.63988108515332, 6.738911049003946, 148.79284813370032, 32.556525385793066, 0.0, 0.0, 2.062112670042552, 0.0, 51.469614917150466, 2.7823411856370512, 0.0, 0.0, 0.0, 0.0],
"numWorkings":[0, 20, 20, 20, 20, 18, 20, 20, 20, 20, 20, 20, 20, 20, 20, 20, 20, 19, 20, 20, 20],
"totalWorkingTimes":[0, 1237553, 1158055, 1064523, 1074356, 1013736, 1113837, 1118570, 1091116, 1050891, 1087496, 1089108, 1047406, 1015494, 1017909, 999514, 1045261, 1037991, 1084941, 1015019, 1049411]}