¸{"problemName":"R210_2.TXT",
"populationK":1,
"lsRunTime":70000,
"addFirstNeighborhoods":true,
"numHelperNeighborhoods":0,
"numRounds":20,
"numMappers":50,
"roundLengths":[0, 82212, 77361, 80375, 78121, 84905, 94094, 78073, 81013, 79003, 97260, 75932, 78234, 92937, 80019, 119246, 78168, 77353, 90372, 86620, 82970],
"bestSolCosts":[55001.73905680182, 35877.42590970592, 35567.685963691, 35291.20568338692, 35190.79948643156, 35160.90238426199, 35099.533898193484, 35060.36779781228, 34974.17295819958, 34908.53701354606, 34884.8272113798, 34842.37661574565, 34842.37661574565, 34842.37661574565, 34842.37661574565, 34830.89097350047, 34829.463081167414, 34829.463081167414, 34829.463081167414, 34815.219362712654, 34806.00434088418],
"helperTimes":[0, 0, 19, 29, 21, 38, 57, 55, 287, 50, 28, 77, 79, 0, 0, 0, 0, 72, 0, 0, 0],
"regularTimes":[0, 62195, 57734, 55985, 56858, 57266, 48455, 64152, 55286, 50661, 56993, 53852, 53295, 53690, 57460, 57705, 51026, 53849, 46513, 55334, 55018],
"helperSuccessfuls":[0, 0, 0, 1, 0, 0, 1, 0, 0, 1, 0, 0, 0, 0, 0, 0, 0, 0, 0, 0, 0],
"helperTrieds":[0, 0, 1, 1, 1, 1, 1, 1, 1, 1, 1, 1, 1, 0, 0, 0, 0, 1, 0, 0, 0],
"regularSuccessfuls":[0, 1161, 39, 46, 11, 12, 19, 10, 13, 14, 8, 20, 0, 0, 0, 4, 3, 0, 0, 4, 3],
"regularTrieds":[0, 20013, 19681, 17034, 17227, 15093, 15292, 8803, 12883, 13132, 13949, 11969, 12463, 9980, 12564, 13352, 10861, 14522, 7935, 15683, 10536],
"helperImprovements":[0.0, 0.0, 0.0, 1.1912167004338698, 0.0, 0.0, 0.5029197110925452, 0.0, 0.0, 0.48187132966995705, 0.0, 0.0, 0.0, 0.0, 0.0, 0.0, 0.0, 0.0, 0.0, 0.0, 0.0],
"regularImprovements":[0.0, 19124.313147095905, 309.7399460149172, 275.28906360364635, 100.40619695535861, 29.897102169568825, 60.865566357417265, 39.16610038120416, 86.19483961269725, 65.15407332385075, 23.709802166260488, 42.450595634152705, 0.0, 0.0, 0.0, 11.485642245177587, 1.4278923330566613, 0.0, 0.0, 14.2437184547598, 9.215021828473255],
"numWorkings":[0, 50, 50, 50, 50, 50, 50, 50, 50, 50, 49, 47, 48, 50, 50, 50, 50, 50, 50, 50, 50],
"totalWorkingTimes":[0, 3110503, 2901775, 2808012, 2863443, 2910356, 2534567, 2733396, 2819689, 2645170, 2814134, 2583254, 2594462, 2771554, 2817657, 2843867, 2577998, 2711902, 2463266, 2814791, 2807743]}