Ð{"problemName":"R210_2.TXT",
"populationK":1,
"lsRunTime":70000,
"addFirstNeighborhoods":true,
"numHelperNeighborhoods":0,
"numRounds":20,
"numMappers":50,
"roundLengths":[0, 82294, 98403, 79391, 78104, 77886, 79014, 78047, 78078, 79623, 81480, 79061, 78237, 79914, 89028, 76814, 80129, 79989, 77000, 80469, 77010],
"bestSolCosts":[55065.840062197596, 35893.42483866235, 35396.06522642655, 35148.68169478703, 34939.619049817884, 34914.66995464536, 34833.19769267196, 34783.02807732398, 34714.84048870291, 34675.635529023464, 34639.191465527714, 34569.552585470825, 34402.99192740363, 34252.49959258902, 34248.03390678342, 34246.74953429377, 34246.74953429377, 34246.74953429377, 34246.74953429377, 34228.365049385735, 34216.32317434287],
"helperTimes":[0, 0, 21, 28, 125, 84, 125, 165, 74, 41, 36, 115, 105, 26, 66, 52, 0, 0, 0, 0, 0],
"regularTimes":[0, 63707, 52631, 55631, 55791, 59490, 59874, 55494, 55443, 52080, 55867, 51794, 59883, 55730, 55231, 53989, 55849, 48911, 55669, 58845, 51025],
"helperSuccessfuls":[0, 0, 0, 0, 0, 0, 0, 0, 1, 0, 0, 0, 1, 0, 0, 0, 0, 0, 0, 0, 0],
"helperTrieds":[0, 0, 1, 1, 1, 1, 1, 1, 1, 1, 1, 1, 1, 1, 1, 1, 0, 0, 0, 0, 0],
"regularSuccessfuls":[0, 1235, 73, 36, 20, 5, 8, 15, 11, 5, 9, 10, 16, 28, 5, 4, 0, 0, 0, 3, 2],
"regularTrieds":[0, 16520, 14055, 14906, 12809, 18006, 14961, 11542, 15756, 11451, 12210, 12804, 14081, 15906, 14009, 15519, 17847, 12660, 14899, 15101, 13237],
"helperImprovements":[0.0, 0.0, 0.0, 0.0, 0.0, 0.0, 0.0, 0.0, 2.8230906124517787, 0.0, 0.0, 0.0, 3.6160597377675003, 0.0, 0.0, 0.0, 0.0, 0.0, 0.0, 0.0, 0.0],
"regularImprovements":[0.0, 19172.415223535245, 497.35961223579943, 247.3835316395198, 209.0626449691481, 24.949095172523812, 81.47226197340206, 50.169615347978834, 65.36449800861737, 39.20495967944589, 36.444063495750015, 69.63888005688932, 162.94459832942812, 150.49233481461124, 4.465685805596877, 1.2843724896520143, 0.0, 0.0, 0.0, 18.38448490803421, 12.041875042865286],
"numWorkings":[0, 48, 50, 50, 50, 50, 50, 50, 50, 50, 50, 50, 50, 50, 50, 50, 50, 50, 50, 50, 50],
"totalWorkingTimes":[0, 2985644, 2662126, 2799492, 2121871, 2905758, 2852462, 2820558, 2791548, 2644037, 2837086, 2678163, 2923928, 2806814, 2793140, 2704842, 2837910, 2493357, 2780215, 2922566, 2585224]}