Þ{"problemName":"R210_2.TXT",
"populationK":1,
"lsRunTime":70000,
"addFirstNeighborhoods":true,
"numHelperNeighborhoods":0,
"numRounds":20,
"numMappers":50,
"roundLengths":[0, 89198, 94396, 133572, 88817, 98061, 104062, 163774, 113382, 101145, 85050, 87028, 122266, 98276, 83583, 88888, 78681, 78751, 78419, 79442, 80438],
"bestSolCosts":[55701.573533714894, 35478.4195348037, 34917.61852674403, 34454.89666458545, 34346.66486597137, 34271.94204726522, 34231.3595409924, 34204.29132177442, 34183.73033682796, 34160.95911350558, 34139.65203287851, 34117.54038862811, 34117.54038862811, 34111.83555247612, 34111.83555247612, 34037.216066100285, 33999.04312862954, 33999.04312862954, 33985.88987818997, 33852.50031386199, 33819.85293430852],
"helperTimes":[0, 0, 14, 37, 33, 192, 35, 95, 359, 404, 121, 152, 102, 0, 0, 0, 56, 41, 0, 0, 24],
"regularTimes":[0, 62105, 58055, 55009, 64393, 55148, 50283, 62451, 56598, 57081, 53422, 59922, 54031, 57626, 54191, 55443, 55401, 55632, 57639, 57165, 59287],
"helperSuccessfuls":[0, 0, 0, 0, 0, 1, 0, 0, 1, 0, 0, 1, 0, 0, 0, 0, 1, 0, 0, 0, 0],
"helperTrieds":[0, 0, 1, 1, 1, 1, 1, 1, 1, 1, 1, 1, 1, 0, 0, 0, 1, 1, 0, 0, 1],
"regularSuccessfuls":[0, 1324, 89, 60, 16, 10, 13, 6, 2, 8, 2, 4, 0, 3, 0, 12, 6, 0, 6, 19, 3],
"regularTrieds":[0, 14317, 8910, 6717, 6066, 3063, 5242, 4397, 6483, 4747, 7763, 6205, 3431, 3513, 5095, 11821, 13003, 12917, 13836, 16276, 17471],
"helperImprovements":[0.0, 0.0, 0.0, 0.0, 0.0, 32.178643329003535, 0.0, 0.0, 8.651373401349701, 0.0, 0.0, 2.0939504869675147, 0.0, 0.0, 0.0, 0.0, 8.456646857310261, 0.0, 0.0, 0.0, 0.0],
"regularImprovements":[0.0, 22337.372404339018, 560.8010080596723, 462.721862158578, 108.23179861408425, 42.54417537714471, 40.58250627281814, 27.068219217981095, 11.909611545110238, 22.771223322379228, 21.30708062706981, 20.017693763431453, 0.0, 5.704836151991913, 0.0, 74.61948637583555, 29.716290613432648, 0.0, 13.15325043957273, 133.38956432798295, 32.647379553469364],
"numWorkings":[0, 50, 50, 50, 50, 48, 46, 50, 50, 46, 50, 50, 50, 50, 50, 50, 50, 50, 50, 50, 50],
"totalWorkingTimes":[0, 3132250, 2984210, 2845186, 2813894, 2730848, 2493581, 2865577, 2962795, 2740041, 2705135, 2817336, 2899051, 2491513, 2880892, 2906941, 2747380, 2774706, 2891251, 2879614, 2965145]}