	{"problemName":"rc110_1.txt",
"populationK":5,
"lsRunTime":70000,
"addFirstNeighborhoods":true,
"numHelperNeighborhoods":0,
"numRounds":20,
"numMappers":100,
"roundLengths":[0, 92943, 77058, 80142, 85980, 82711, 80121, 80138, 81076, 79913, 76012, 79257, 82003, 82195, 105317, 79950, 81695, 82155, 78074, 83859, 78583],
"bestSolCosts":[69231.45644042331, 49962.612749867934, 49340.801975577866, 48898.80251711852, 48668.23318757072, 48488.39034789321, 48243.450336521986, 48118.389266577855, 48060.768346640536, 47969.296082426576, 47879.84923546515, 47839.32780602576, 47712.491917522995, 47654.99361492824, 47553.252196273526, 47516.569381867, 47504.48256305379, 47469.01881847788, 47431.26210190835, 47413.41593514113, 47385.760370555654],
"helperTimes":[0, 0, 26, 57, 56, 21, 28, 44, 39, 22, 23, 28, 66, 38, 52, 54, 57, 68, 27, 71, 48],
"regularTimes":[0, 61660, 55001, 50185, 50342, 45804, 54640, 50920, 49327, 50841, 54444, 46238, 43331, 52740, 42618, 55582, 49836, 45399, 46469, 45390, 54153],
"helperSuccessfuls":[0, 0, 0, 0, 0, 0, 0, 0, 1, 0, 0, 0, 0, 1, 0, 0, 0, 0, 0, 0, 0],
"helperTrieds":[0, 0, 1, 1, 1, 1, 1, 1, 1, 1, 1, 1, 1, 1, 1, 1, 1, 1, 1, 1, 1],
"regularSuccessfuls":[0, 1471, 114, 73, 85, 30, 50, 14, 26, 14, 20, 16, 16, 31, 20, 11, 7, 12, 25, 15, 10],
"regularTrieds":[0, 9522, 1607, 3541, 5143, 6011, 8813, 6754, 6441, 6468, 7008, 6264, 7104, 6473, 6076, 10742, 6985, 5389, 4570, 8048, 11471],
"helperImprovements":[0.0, 0.0, 0.0, 0.0, 0.0, 0.0, 0.0, 0.0, 0.1623737963309395, 0.0, 0.0, 0.0, 0.0, 0.5459413212665822, 0.0, 0.0, 0.0, 0.0, 0.0, 0.0, 0.0],
"regularImprovements":[0.0, 26067.456614019837, 621.8107742900684, 536.3665527309422, 327.0734252868933, 179.84283967750525, 261.94431284938037, 176.34608809576457, 116.73695864351612, 104.56103076631553, 117.29908333280764, 40.52142943939543, 131.3611522968058, 56.95236127349199, 120.09930461667682, 38.92834022787429, 12.086818813208083, 39.42636864790984, 61.91634516114573, 17.84616676722362, 38.92140234641556],
"numWorkings":[0, 100, 100, 100, 100, 97, 100, 100, 100, 98, 94, 100, 99, 96, 99, 93, 100, 100, 100, 98, 96],
"totalWorkingTimes":[0, 6254596, 5526456, 5023951, 5071866, 4585002, 4957180, 5257810, 4894424, 5018976, 4985701, 4652023, 4450268, 4888047, 4382424, 5138663, 5141371, 4748352, 4721326, 4503988, 5146184]}