ë{"problemName":"R210_2.TXT",
"populationK":1,
"lsRunTime":70000,
"addFirstNeighborhoods":true,
"numHelperNeighborhoods":0,
"numRounds":20,
"numMappers":50,
"roundLengths":[0, 93288, 85377, 82400, 78866, 86003, 83163, 85957, 87606, 86444, 87176, 83236, 85929, 78661, 81517, 86700, 79698, 93424, 83570, 81328, 80635],
"bestSolCosts":[57238.72113371634, 35289.443193319144, 34809.22243927262, 34622.16590695628, 34477.40594348048, 34466.83160884892, 34335.75733918389, 34299.82832532648, 34296.36694776429, 34291.13754286985, 34156.71037897659, 34108.39172065613, 34090.593592005665, 34059.37533025087, 33924.40306973323, 33793.806920096344, 33793.35696195834, 33793.35696195834, 33793.35696195834, 33793.35696195834, 33787.81799759196],
"helperTimes":[0, 0, 25, 42, 43, 68, 94, 90, 150, 190, 82, 16, 31, 51, 43, 231, 110, 0, 0, 0, 0],
"regularTimes":[0, 62283, 60684, 47489, 50170, 53699, 58813, 56534, 48190, 54719, 56629, 57019, 55574, 51572, 57139, 56873, 51852, 55647, 53122, 55184, 58681],
"helperSuccessfuls":[0, 0, 0, 0, 0, 1, 0, 1, 1, 0, 0, 0, 0, 1, 0, 1, 0, 0, 0, 0, 0],
"helperTrieds":[0, 0, 1, 1, 1, 1, 1, 1, 1, 1, 1, 1, 1, 1, 1, 1, 1, 0, 0, 0, 0],
"regularSuccessfuls":[0, 1376, 75, 15, 23, 4, 23, 13, 1, 1, 33, 9, 5, 11, 10, 24, 1, 0, 0, 0, 3],
"regularTrieds":[0, 13786, 10301, 5839, 7307, 6629, 5632, 7036, 7968, 9973, 7225, 7877, 6241, 6705, 8300, 8078, 7754, 12615, 9620, 7459, 12443],
"helperImprovements":[0.0, 0.0, 0.0, 0.0, 0.0, 0.9112606805720134, 0.0, 0.2893345405755099, 0.12936880572669907, 0.0, 0.0, 0.0, 0.0, 2.565017639310099, 0.0, 2.8336634297011187, 0.0, 0.0, 0.0, 0.0, 0.0],
"regularImprovements":[0.0, 21949.277940397194, 480.22075404652423, 187.05653231633914, 144.75996347580076, 9.663073950985563, 131.07426966503408, 35.63967931683146, 3.3320087564643472, 5.22940489443863, 134.42716389326233, 48.31865832045878, 17.798128650465515, 28.653244115484995, 134.972260517643, 127.76248620718252, 0.4499581380005111, 0.0, 0.0, 0.0, 5.538964366380242],
"numWorkings":[0, 50, 50, 50, 47, 45, 50, 43, 50, 50, 50, 50, 50, 50, 47, 48, 49, 50, 50, 50, 50],
"totalWorkingTimes":[0, 3121818, 2965073, 2506652, 2448230, 2480827, 2798297, 2468855, 2606241, 2796424, 2831543, 2898829, 2786494, 2683938, 2771794, 2828092, 2612819, 2834293, 2711948, 2845310, 2981989]}