	/{"problemName":"R210_2.TXT",
"populationK":1,
"lsRunTime":70000,
"addFirstNeighborhoods":true,
"numHelperNeighborhoods":0,
"numRounds":20,
"numMappers":100,
"roundLengths":[0, 88106, 107622, 87133, 83903, 90024, 86958, 114344, 104839, 94192, 139081, 93702, 98226, 103167, 112016, 91955, 98867, 88650, 87574, 97515, 90489],
"bestSolCosts":[54027.220161841935, 36065.23407356448, 35534.31563453581, 35271.84395588397, 35074.451027174444, 35018.65967121579, 34983.06402913819, 34953.38088617221, 34914.74534395748, 34871.125078690704, 34870.800727361966, 34849.822230437334, 34807.5353135747, 34769.06808432794, 34725.68728392596, 34598.37318554243, 34565.010332736085, 34506.27103207251, 34339.88596443737, 34277.64833082341, 34267.1951899318],
"helperTimes":[0, 0, 31, 39, 32, 39, 44, 32, 68, 66, 32, 33, 59, 18, 42, 122, 49, 59, 16, 38, 43],
"regularTimes":[0, 61521, 57766, 53922, 56090, 52831, 50553, 55261, 57333, 56309, 120145, 55944, 49571, 57104, 53664, 52585, 61242, 55997, 61959, 59596, 57928],
"helperSuccessfuls":[0, 0, 0, 0, 0, 0, 1, 0, 1, 0, 1, 0, 0, 0, 0, 1, 0, 1, 0, 1, 0],
"helperTrieds":[0, 0, 1, 1, 1, 1, 1, 1, 1, 1, 1, 1, 1, 1, 1, 1, 1, 1, 1, 1, 1],
"regularSuccessfuls":[0, 1107, 64, 72, 36, 16, 12, 4, 16, 7, 0, 11, 5, 14, 5, 23, 3, 6, 17, 13, 3],
"regularTrieds":[0, 5763, 11004, 12925, 14248, 3784, 8985, 9067, 8133, 10518, 6904, 10772, 7689, 8743, 3773, 6024, 9629, 9357, 6531, 12623, 14988],
"helperImprovements":[0.0, 0.0, 0.0, 0.0, 0.0, 0.0, 0.15801862105581677, 0.0, 19.225625222112285, 0.0, 0.32435132873797556, 0.0, 0.0, 0.0, 0.0, 0.7240084539662348, 0.0, 18.301150587882148, 0.0, 10.984881684846187, 0.0],
"regularImprovements":[0.0, 19800.875297436694, 530.9184390286755, 262.4716786518402, 197.3929287095234, 55.791355958652275, 35.4376234565425, 29.683142965986917, 19.409916992612125, 43.620265266778006, 0.0, 20.978496924632054, 42.286916862634826, 38.46722924675851, 43.380800401981105, 126.5900899295666, 33.362852806341834, 40.43815007569356, 166.38506763513578, 51.25275192911795, 10.4531408916082],
"numWorkings":[0, 99, 100, 94, 94, 99, 96, 100, 100, 97, 100, 100, 100, 100, 95, 100, 96, 95, 98, 92, 100],
"totalWorkingTimes":[0, 6008979, 6106136, 5258459, 5316436, 5322706, 4985685, 5830904, 6004560, 5634806, 5738704, 5738914, 5459599, 5909904, 5355499, 5597274, 5421982, 5302399, 5746031, 5362812, 5909035]}