	7{"problemName":"R210_2.TXT",
"populationK":1,
"lsRunTime":70000,
"addFirstNeighborhoods":true,
"numHelperNeighborhoods":0,
"numRounds":20,
"numMappers":100,
"roundLengths":[0, 87365, 84344, 78386, 89989, 78882, 80077, 79056, 129711, 80757, 77819, 78205, 80903, 82043, 78817, 78111, 80604, 79389, 76614, 73866, 77545],
"bestSolCosts":[55367.21869136047, 36748.43289101728, 36340.726939016124, 36151.52612285377, 35785.61673409414, 35661.56252240973, 35522.648809762206, 35406.40244681354, 35367.97324816352, 35358.738781065105, 35345.148533572894, 35226.981061974046, 35182.822697213276, 35126.76171412822, 35095.90472475245, 35093.38255141165, 35064.68491641489, 34967.24237270477, 34926.31987452594, 34889.397855612195, 34852.72609981995],
"helperTimes":[0, 0, 20, 60, 22, 26, 42, 59, 104, 89, 53, 93, 234, 84, 65, 59, 50, 51, 50, 63, 73],
"regularTimes":[0, 62737, 60951, 54236, 50863, 55359, 55986, 58803, 52866, 53650, 53137, 56389, 54721, 55513, 59219, 57320, 55073, 53007, 54566, 51361, 56304],
"helperSuccessfuls":[0, 0, 0, 0, 0, 0, 0, 1, 0, 0, 1, 0, 0, 0, 0, 0, 0, 1, 0, 0, 1],
"helperTrieds":[0, 0, 1, 1, 1, 1, 1, 1, 1, 1, 1, 1, 1, 1, 1, 1, 1, 1, 1, 1, 1],
"regularSuccessfuls":[0, 1424, 58, 26, 35, 23, 20, 27, 14, 4, 7, 10, 11, 11, 11, 6, 10, 21, 13, 3, 6],
"regularTrieds":[0, 12035, 12020, 12932, 13374, 15932, 15740, 12895, 4753, 17261, 17339, 17106, 14624, 13618, 14566, 18638, 15110, 17160, 15600, 15422, 17143],
"helperImprovements":[0.0, 0.0, 0.0, 0.0, 0.0, 0.0, 0.0, 14.451350642986654, 0.0, 0.0, 0.24642173311440274, 0.0, 0.0, 0.0, 0.0, 0.0, 0.0, 0.016084312788734678, 0.0, 0.0, 0.12960817696148297],
"regularImprovements":[0.0, 21467.47203898804, 407.7059520011535, 189.20081616235257, 365.90938875963184, 124.05421168440807, 138.91371264752524, 101.79501230567985, 38.4291986500175, 9.234467098416644, 13.343825759096944, 118.16747159884835, 44.15836476076947, 56.06098308505898, 30.856989375766716, 2.5221733408034197, 28.697634996759007, 97.42645939732756, 40.92249817882839, 36.922018913748616, 36.54214761528419],
"numWorkings":[0, 100, 100, 100, 100, 100, 100, 100, 97, 100, 100, 100, 100, 100, 100, 100, 100, 100, 99, 93, 99],
"totalWorkingTimes":[0, 6311803, 5569892, 5475304, 5185314, 5574511, 5612974, 5462802, 5321680, 5398930, 5280963, 5687600, 5559130, 5677864, 5974192, 5775161, 5621459, 5286902, 5411878, 4851421, 5590163]}