Y{"problemName":"R210_2.TXT",
"populationK":1,
"lsRunTime":70000,
"addFirstNeighborhoods":true,
"numHelperNeighborhoods":0,
"numRounds":20,
"numMappers":1,
"roundLengths":[0, 82558, 81378, 77388, 78824, 78031, 80153, 77953, 78519, 82292, 79674, 84890, 77548, 79810, 80764, 80846, 80109, 77835, 82143, 81603, 79050],
"bestSolCosts":[61357.041870625646, 38281.62478312674, 38199.547916295174, 38090.71613035254, 37836.290125052335, 37642.91789349847, 37572.88586758426, 37517.32362574956, 37516.72820855413, 37516.68363058167, 37473.39019271138, 37473.39019271138, 37430.79682897127, 37233.53563420143, 37216.505543345724, 37212.83543764985, 37110.81178443761, 37101.442671779194, 37101.442671779194, 37101.442671779194, 37101.442671779194],
"helperTimes":[0, 0, 0, 0, 0, 0, 0, 0, 0, 1, 0, 0, 0, 0, 0, 0, 0, 0, 0, 0, 0],
"regularTimes":[0, 65576, 60953, 58091, 60438, 59789, 59928, 60574, 59847, 60447, 58136, 63728, 56536, 60011, 58363, 58914, 56037, 58817, 60426, 59191, 58571],
"helperSuccessfuls":[0, 0, 0, 0, 0, 0, 0, 0, 0, 0, 0, 0, 0, 0, 0, 0, 0, 0, 0, 0, 0],
"helperTrieds":[0, 0, 0, 0, 0, 0, 0, 0, 0, 0, 0, 0, 0, 0, 0, 0, 0, 0, 0, 0, 0],
"regularSuccessfuls":[0, 1407, 30, 22, 35, 26, 14, 8, 2, 1, 16, 0, 19, 26, 10, 5, 22, 9, 0, 0, 0],
"regularTrieds":[0, 23109, 17692, 17194, 20077, 15598, 18352, 15360, 17225, 19033, 16960, 9659, 14812, 18656, 15735, 16104, 14592, 14697, 14363, 21298, 20018],
"helperImprovements":[0.0, 0.0, 0.0, 0.0, 0.0, 0.0, 0.0, 0.0, 0.0, 0.0, 0.0, 0.0, 0.0, 0.0, 0.0, 0.0, 0.0, 0.0, 0.0, 0.0, 0.0],
"regularImprovements":[0.0, 23075.417087498907, 82.07686683156498, 108.83178594263154, 254.42600530020718, 193.37223155386891, 70.03202591420995, 55.56224183469749, 0.5954171954290359, 0.044577972461411264, 43.29343787029211, 0.0, 42.59336374010309, 197.26119476984604, 17.030090855703747, 3.6701056958772824, 102.02365321223624, 9.36911265841627, 0.0, 0.0, 0.0],
"numWorkings":[0, 1, 1, 1, 1, 1, 1, 1, 1, 1, 1, 1, 1, 1, 1, 1, 1, 1, 1, 1, 1],
"totalWorkingTimes":[0, 65576, 60953, 58091, 60438, 59789, 59928, 60574, 59847, 60448, 58136, 63728, 56536, 60011, 58363, 58914, 56037, 58817, 60426, 59191, 58571]}