X{"problemName":"R210_2.TXT",
"populationK":1,
"lsRunTime":70000,
"addFirstNeighborhoods":true,
"numHelperNeighborhoods":0,
"numRounds":20,
"numMappers":1,
"roundLengths":[0, 82963, 79998, 80403, 77863, 79981, 78155, 78956, 77959, 79988, 80471, 78941, 81555, 80804, 79770, 80848, 80109, 77933, 81059, 79077, 81558],
"bestSolCosts":[69685.14229723696, 40592.32171979052, 40131.00686228155, 40090.639472899114, 40028.69414940829, 39800.747157636615, 39798.43473997215, 39767.911645238986, 39524.3242257473, 39378.57781597144, 39315.749620829396, 39223.69245905484, 39223.62899551092, 39193.04426534156, 39193.04426534156, 39193.04426534156, 39193.04426534156, 39193.04426534156, 39192.99321914571, 39188.19803802409, 39188.14699182826],
"helperTimes":[0, 0, 0, 0, 0, 0, 0, 0, 0, 0, 0, 0, 0, 0, 0, 0, 0, 0, 0, 0, 0],
"regularTimes":[0, 64061, 60182, 60431, 58758, 57188, 58727, 59065, 61162, 61561, 60154, 58106, 58816, 58872, 57502, 57530, 59385, 56553, 57028, 59732, 59286],
"helperSuccessfuls":[0, 0, 0, 0, 0, 0, 0, 0, 0, 0, 0, 0, 0, 0, 0, 0, 0, 0, 0, 0, 0],
"helperTrieds":[0, 0, 0, 0, 0, 0, 0, 0, 0, 0, 0, 0, 0, 0, 0, 0, 0, 0, 0, 0, 0],
"regularSuccessfuls":[0, 1663, 65, 23, 41, 29, 8, 21, 25, 31, 6, 17, 1, 22, 0, 0, 0, 0, 1, 4, 1],
"regularTrieds":[0, 21583, 18528, 23123, 19515, 20025, 21475, 24369, 24797, 24741, 21851, 24274, 22394, 21782, 21084, 25252, 21054, 16348, 19354, 22156, 23190],
"helperImprovements":[0.0, 0.0, 0.0, 0.0, 0.0, 0.0, 0.0, 0.0, 0.0, 0.0, 0.0, 0.0, 0.0, 0.0, 0.0, 0.0, 0.0, 0.0, 0.0, 0.0, 0.0],
"regularImprovements":[0.0, 29092.820577446444, 461.31485750896536, 40.36738938243798, 61.945323490821465, 227.94699177167786, 2.3124176644632826, 30.523094733165635, 243.58741949168325, 145.74640977586387, 62.828195142043114, 92.05716177455906, 0.06346354392007925, 30.5847301693575, 0.0, 0.0, 0.0, 0.0, 0.05104619584744796, 4.795181121618953, 0.051046195832896046],
"numWorkings":[0, 1, 1, 1, 1, 1, 1, 1, 1, 1, 1, 1, 1, 1, 1, 1, 1, 1, 1, 1, 1],
"totalWorkingTimes":[0, 64061, 60182, 60431, 58758, 57188, 58727, 59065, 61162, 61561, 60154, 58106, 58816, 58872, 57502, 57530, 59385, 56553, 57028, 59732, 59286]}