 {"problemName":"R210_2.TXT",
"populationK":1,
"lsRunTime":70000,
"addFirstNeighborhoods":true,
"numHelperNeighborhoods":0,
"numRounds":20,
"numMappers":1,
"roundLengths":[0, 83993, 79711, 79650, 78868, 79982, 78153, 80947, 80532, 80283, 81672, 79919, 77530, 81798, 83091, 79597, 80066, 78729, 80355, 79069, 78526],
"bestSolCosts":[55914.20577446038, 35371.94939978321, 35228.99122837725, 35139.71318608023, 34953.046064062706, 34935.12435840753, 34919.392000218184, 34744.93655202585, 34744.93655202585, 34669.10459985059, 34667.98170775904, 34659.38227606406, 34659.38227606406, 34659.38227606406, 34656.59036951419, 34651.78672965184, 34651.78672965184, 34651.78672965184, 34651.78672965184, 34651.78672965184, 34624.4711959091],
"helperTimes":[0, 0, 0, 0, 0, 0, 0, 0, 0, 0, 0, 0, 0, 0, 0, 0, 0, 0, 0, 0, 0],
"regularTimes":[0, 64904, 54954, 59323, 61041, 59561, 59287, 58210, 58686, 55482, 58468, 58149, 56899, 60479, 60775, 57905, 58041, 54833, 59905, 56540, 58783],
"helperSuccessfuls":[0, 0, 0, 0, 0, 0, 0, 0, 0, 0, 0, 0, 0, 0, 0, 0, 0, 0, 0, 0, 0],
"helperTrieds":[0, 0, 0, 0, 0, 0, 0, 0, 0, 0, 0, 0, 0, 0, 0, 0, 0, 0, 0, 0, 0],
"regularSuccessfuls":[0, 1331, 17, 27, 18, 3, 3, 10, 0, 19, 1, 4, 0, 0, 2, 2, 0, 0, 0, 0, 5],
"regularTrieds":[0, 16212, 14099, 12977, 15742, 15685, 17335, 17791, 14911, 14871, 17638, 18615, 16501, 16571, 16571, 15241, 18191, 15467, 16132, 15000, 19620],
"helperImprovements":[0.0, 0.0, 0.0, 0.0, 0.0, 0.0, 0.0, 0.0, 0.0, 0.0, 0.0, 0.0, 0.0, 0.0, 0.0, 0.0, 0.0, 0.0, 0.0, 0.0, 0.0],
"regularImprovements":[0.0, 20542.25637467717, 142.95817140596046, 89.27804229701724, 186.6671220175267, 17.921705655178812, 15.732358189343358, 174.45544819233328, 0.0, 75.83195217526372, 1.1228920915455092, 8.599431694980012, 0.0, 0.0, 2.7919065498717828, 4.803639862351702, 0.0, 0.0, 0.0, 0.0, 27.315533742737898],
"numWorkings":[0, 1, 1, 1, 1, 1, 1, 1, 1, 1, 1, 1, 1, 1, 1, 1, 1, 1, 1, 1, 1],
"totalWorkingTimes":[0, 64904, 54954, 59323, 61041, 59561, 59287, 58210, 58686, 55482, 58468, 58149, 56899, 60479, 60775, 57905, 58041, 54833, 59905, 56540, 58783]}