%{"problemName":"R210_2.TXT",
"populationK":1,
"lsRunTime":70000,
"addFirstNeighborhoods":true,
"numHelperNeighborhoods":0,
"numRounds":20,
"numMappers":1,
"roundLengths":[0, 84968, 82166, 79124, 77867, 79052, 83167, 76936, 81895, 78979, 80096, 79073, 78972, 81819, 79056, 78458, 82120, 77638, 80457, 77998, 80602],
"bestSolCosts":[71694.74350149455, 40053.69086910814, 39609.23099111106, 39372.93476421165, 39265.912014307236, 39262.123433702305, 39262.123433702305, 39183.19382397192, 39181.25545096465, 39128.3480620183, 39125.812799730586, 39125.812799730586, 39125.812799730586, 38906.762730609895, 38895.79996308505, 38824.17486953092, 38783.00220500607, 38783.00220500607, 38783.00220500607, 38783.00220500607, 38783.00220500607],
"helperTimes":[0, 0, 0, 0, 0, 0, 0, 0, 0, 1, 0, 0, 0, 0, 0, 0, 0, 0, 0, 0, 0],
"regularTimes":[0, 64138, 59149, 56114, 56062, 59021, 60145, 57942, 60721, 58758, 59409, 59125, 55614, 53360, 56462, 55989, 59438, 58262, 60508, 58851, 61944],
"helperSuccessfuls":[0, 0, 0, 0, 0, 0, 0, 0, 0, 0, 0, 0, 0, 0, 0, 0, 0, 0, 0, 0, 0],
"helperTrieds":[0, 0, 0, 0, 0, 0, 0, 0, 0, 0, 0, 0, 0, 0, 0, 0, 0, 0, 0, 0, 0],
"regularSuccessfuls":[0, 1578, 53, 52, 17, 11, 0, 28, 1, 4, 2, 0, 0, 37, 7, 12, 13, 0, 0, 0, 0],
"regularTrieds":[0, 16607, 18514, 20789, 18035, 18785, 20701, 19215, 21761, 21679, 21291, 20876, 19104, 14974, 20345, 21099, 21996, 19120, 21330, 24911, 24902],
"helperImprovements":[0.0, 0.0, 0.0, 0.0, 0.0, 0.0, 0.0, 0.0, 0.0, 0.0, 0.0, 0.0, 0.0, 0.0, 0.0, 0.0, 0.0, 0.0, 0.0, 0.0, 0.0],
"regularImprovements":[0.0, 31641.05263238641, 444.4598779970838, 236.2962268994088, 107.0227499044122, 3.7885806049307575, 0.0, 78.92960973038862, 1.938373007265909, 52.907388946347055, 2.5352622877180693, 0.0, 0.0, 219.05006912069075, 10.962767524841183, 71.62509355413204, 41.1726645248491, 0.0, 0.0, 0.0, 0.0],
"numWorkings":[0, 1, 1, 1, 1, 1, 1, 1, 1, 1, 1, 1, 1, 1, 1, 1, 1, 1, 1, 1, 1],
"totalWorkingTimes":[0, 64138, 59149, 56114, 56062, 59021, 60145, 57942, 60721, 58759, 59409, 59125, 55614, 53360, 56462, 55989, 59438, 58262, 60508, 58851, 61944]}