p{"problemName":"R210_2.TXT",
"populationK":1,
"lsRunTime":70000,
"addFirstNeighborhoods":true,
"numHelperNeighborhoods":0,
"numRounds":20,
"numMappers":2,
"roundLengths":[0, 83767, 78903, 78666, 81810, 79981, 80061, 79123, 79890, 80966, 80195, 80322, 79826, 80770, 78174, 79258, 81275, 76412, 81457, 78068, 80578],
"bestSolCosts":[67052.13556735721, 40822.93264263488, 40297.00478564911, 39807.85301468973, 39727.1503775525, 39648.922035736454, 39523.53852437344, 39400.244451052255, 39399.47938737865, 39395.0942407578, 39373.87301513583, 39360.19753429385, 39355.68414471208, 39355.05387697397, 39355.05387697397, 39354.47017089232, 39320.71835486574, 39256.449749322106, 39256.449749322106, 39256.449749322106, 39256.449749322106],
"helperTimes":[0, 0, 14, 15, 20, 17, 53, 46, 37, 0, 66, 0, 15, 34, 48, 0, 1, 0, 26, 0, 0],
"regularTimes":[0, 62569, 59645, 60264, 60468, 59087, 57631, 58145, 57007, 56395, 58513, 57569, 58694, 55510, 56276, 55436, 58404, 55555, 60264, 53268, 60395],
"helperSuccessfuls":[0, 0, 0, 0, 0, 0, 0, 0, 0, 0, 0, 0, 0, 0, 0, 0, 0, 0, 0, 0, 0],
"helperTrieds":[0, 0, 1, 1, 1, 1, 1, 1, 1, 0, 1, 0, 1, 1, 1, 0, 0, 0, 1, 0, 0],
"regularSuccessfuls":[0, 1588, 95, 76, 28, 36, 24, 17, 1, 11, 7, 13, 6, 3, 0, 2, 10, 10, 0, 0, 0],
"regularTrieds":[0, 18094, 16232, 18000, 19812, 20545, 22381, 23923, 19065, 23836, 21933, 22303, 21525, 18621, 20891, 20771, 21330, 21608, 18480, 20388, 21131],
"helperImprovements":[0.0, 0.0, 0.0, 0.0, 0.0, 0.0, 0.0, 0.0, 0.0, 0.0, 0.0, 0.0, 0.0, 0.0, 0.0, 0.0, 0.0, 0.0, 0.0, 0.0, 0.0],
"regularImprovements":[0.0, 26229.202924722333, 525.9278569857706, 489.1517709593754, 80.70263713723398, 78.22834181604412, 125.38351136301208, 123.29407332118717, 0.7650636736070737, 4.385146620850719, 21.22122562196455, 13.675480841979152, 4.513389581770753, 0.6302677381099784, 0.0, 0.5837060816556914, 33.7518160265754, 64.2686055436352, 0.0, 0.0, 0.0],
"numWorkings":[0, 2, 2, 2, 2, 2, 2, 2, 2, 2, 2, 2, 2, 2, 2, 2, 2, 2, 2, 2, 2],
"totalWorkingTimes":[0, 125420, 119086, 120539, 121587, 118461, 115856, 116328, 114132, 114899, 116466, 109760, 117420, 110893, 112598, 111000, 116949, 111087, 120561, 106553, 120684]}