–{"problemName":"R210_2.TXT",
"populationK":1,
"lsRunTime":70000,
"addFirstNeighborhoods":true,
"numHelperNeighborhoods":0,
"numRounds":20,
"numMappers":2,
"roundLengths":[0, 82687, 80376, 78194, 79859, 78990, 79996, 80105, 79891, 77979, 81221, 78308, 77759, 80668, 80334, 79246, 80041, 77659, 80447, 79071, 80575],
"bestSolCosts":[62187.96020650863, 39135.803174171786, 38635.186810947744, 38584.81256665929, 38492.27842855478, 38455.72482395072, 38367.269165795326, 38295.06843093324, 38259.60137272523, 38136.94850859404, 37936.01477939427, 37919.356694633214, 37813.16988372578, 37811.24845749246, 37811.24845749246, 37809.15202942802, 37809.15202942802, 37807.38867265184, 37785.881463092526, 37782.85826109246, 37757.0264486402],
"helperTimes":[0, 0, 20, 36, 30, 46, 30, 55, 26, 0, 0, 45, 136, 44, 30, 0, 0, 0, 0, 28, 47],
"regularTimes":[0, 64087, 59031, 57285, 58533, 59912, 60333, 59803, 58142, 53223, 60010, 56784, 52331, 59106, 56486, 55180, 57820, 58545, 59857, 56396, 60481],
"helperSuccessfuls":[0, 0, 0, 0, 0, 0, 0, 0, 0, 0, 0, 0, 0, 0, 0, 0, 0, 0, 0, 0, 0],
"helperTrieds":[0, 0, 1, 1, 1, 1, 1, 1, 1, 0, 0, 1, 1, 1, 1, 0, 0, 0, 0, 1, 1],
"regularSuccessfuls":[0, 1315, 119, 30, 30, 24, 40, 19, 17, 29, 58, 15, 22, 6, 0, 6, 0, 2, 9, 4, 6],
"regularTrieds":[0, 18051, 18870, 19337, 20573, 15774, 17588, 18449, 21648, 17387, 20466, 19378, 18467, 22424, 23226, 18932, 20577, 20198, 20427, 19425, 25293],
"helperImprovements":[0.0, 0.0, 0.0, 0.0, 0.0, 0.0, 0.0, 0.0, 0.0, 0.0, 0.0, 0.0, 0.0, 0.0, 0.0, 0.0, 0.0, 0.0, 0.0, 0.0, 0.0],
"regularImprovements":[0.0, 23052.157032336843, 500.6163632240423, 50.374244288454065, 92.53413810450729, 36.553604604065185, 88.45565815539157, 72.20073486208275, 35.46705820801435, 122.65286413118884, 200.93372919977264, 16.658084761053033, 106.18681090743485, 1.9214262333189254, 0.0, 2.0964280644402606, 0.0, 1.7633567761804443, 21.507209559313196, 3.023202000069432, 25.83181245225569],
"numWorkings":[0, 2, 2, 2, 2, 2, 2, 2, 2, 2, 2, 2, 2, 2, 2, 2, 2, 2, 2, 2, 2],
"totalWorkingTimes":[0, 127873, 117955, 114709, 117491, 120047, 120640, 120002, 116120, 108955, 119983, 113666, 104270, 114921, 114444, 111108, 115728, 117230, 120053, 112570, 121034]}