‡{"problemName":"R210_2.TXT",
"populationK":1,
"lsRunTime":70000,
"addFirstNeighborhoods":true,
"numHelperNeighborhoods":0,
"numRounds":20,
"numMappers":2,
"roundLengths":[0, 81748, 80374, 77106, 78897, 79029, 81001, 79145, 77844, 78980, 79217, 80295, 81852, 77760, 79740, 77900, 80048, 76415, 79374, 79622, 79974],
"bestSolCosts":[73807.31701942916, 41317.26040536954, 40755.94642119612, 39939.80570589388, 39620.170253306904, 39504.82954600163, 39504.82954600163, 39504.82954600163, 39242.31091776901, 39239.419656473845, 39239.252506939214, 39053.07919671133, 38984.75703881001, 38984.75703881001, 38960.037079054266, 38869.238037949865, 38810.96714337296, 38810.73266081162, 38808.080945207505, 38808.080945207505, 38808.080945207505],
"helperTimes":[0, 0, 18, 28, 16, 27, 111, 0, 0, 22, 26, 37, 52, 59, 0, 84, 47, 42, 40, 0, 0],
"regularTimes":[0, 63280, 60039, 58773, 60158, 59758, 59476, 55764, 56667, 58034, 58338, 55849, 57437, 56751, 57389, 54649, 55132, 55170, 59730, 61807, 59007],
"helperSuccessfuls":[0, 0, 0, 0, 0, 0, 0, 0, 0, 0, 0, 0, 1, 0, 0, 1, 0, 0, 0, 0, 0],
"helperTrieds":[0, 0, 1, 1, 1, 1, 1, 0, 0, 1, 1, 1, 1, 1, 0, 1, 1, 1, 1, 0, 0],
"regularSuccessfuls":[0, 2117, 114, 108, 37, 16, 0, 0, 34, 9, 1, 8, 18, 0, 6, 20, 13, 2, 5, 0, 0],
"regularTrieds":[0, 19855, 16929, 17316, 23981, 18779, 22817, 19774, 19631, 22052, 20596, 19002, 19316, 20557, 22692, 16290, 17047, 17386, 19077, 27104, 18570],
"helperImprovements":[0.0, 0.0, 0.0, 0.0, 0.0, 0.0, 0.0, 0.0, 0.0, 0.0, 0.0, 0.0, 1.74030180623231, 0.0, 0.0, 0.029820190189639106, 0.0, 0.0, 0.0, 0.0, 0.0],
"regularImprovements":[0.0, 44025.060929396976, 561.3139841734228, 816.1407153022374, 319.6354525869756, 115.3407073052731, 0.0, 0.0, 262.51862823261763, 2.8912612951680785, 0.16714953463088023, 186.1733102278813, 66.58185609509383, 0.0, 24.719959755741, 90.76922091421147, 58.27089457690454, 0.23448256133997347, 2.651715604115452, 0.0, 0.0],
"numWorkings":[0, 2, 2, 2, 2, 2, 2, 2, 2, 2, 2, 2, 2, 2, 2, 2, 2, 2, 2, 2, 2],
"totalWorkingTimes":[0, 128059, 119955, 117616, 120367, 119493, 119503, 111269, 113274, 116023, 117487, 113781, 115088, 113705, 114969, 109346, 110412, 110672, 119468, 123095, 118047]}