ì{"problemName":"rc110_1.txt",
"populationK":5,
"lsRunTime":70000,
"addFirstNeighborhoods":true,
"numHelperNeighborhoods":0,
"numRounds":20,
"numMappers":100,
"roundLengths":[0, 87060, 84946, 74968, 78969, 78638, 75244, 73071, 90140, 79293, 102822, 93187, 79967, 79183, 81256, 78043, 80610, 82673, 78761, 79768, 80802],
"bestSolCosts":[68442.94676671398, 50314.474456314274, 49687.183764270754, 49253.794513698005, 48769.3535654606, 48506.55556425134, 48384.3165606779, 48327.03992720214, 48236.095043511436, 48189.903938269665, 48152.085282441134, 48102.53953811346, 48048.2400586294, 48011.58364483116, 47963.54984921827, 47916.29280210948, 47891.8300405536, 47863.10121336754, 47845.36895007166, 47845.0487576194, 47740.436193439564],
"helperTimes":[0, 0, 23, 26, 43, 82, 41, 139, 109, 40, 26, 77, 47, 29, 69, 34, 33, 114, 69, 54, 33],
"regularTimes":[0, 58757, 53102, 47711, 53532, 51721, 51871, 57479, 51407, 56020, 46932, 52340, 54965, 54008, 36882, 53005, 43941, 59846, 44590, 46732, 55929],
"helperSuccessfuls":[0, 0, 0, 0, 0, 0, 0, 0, 0, 0, 0, 0, 1, 0, 0, 0, 0, 0, 0, 0, 0],
"helperTrieds":[0, 0, 1, 1, 1, 1, 1, 1, 1, 1, 1, 1, 1, 1, 1, 1, 1, 1, 1, 1, 1],
"regularSuccessfuls":[0, 1437, 143, 97, 106, 86, 30, 39, 18, 7, 17, 18, 17, 6, 20, 19, 13, 13, 6, 1, 10],
"regularTrieds":[0, 7786, 4756, 4595, 7624, 5592, 5923, 5510, 7313, 8878, 6981, 6886, 14654, 9372, 5304, 7463, 7150, 11186, 7922, 10325, 11187],
"helperImprovements":[0.0, 0.0, 0.0, 0.0, 0.0, 0.0, 0.0, 0.0, 0.0, 0.0, 0.0, 0.0, 2.929425048190751, 0.0, 0.0, 0.0, 0.0, 0.0, 0.0, 0.0, 0.0],
"regularImprovements":[0.0, 26479.60861663698, 627.2906920435198, 528.091580772787, 545.8696752786564, 348.1673262827826, 159.49122114706552, 95.73916813883989, 99.98254419917794, 46.191105241770856, 62.04021034586185, 57.40392196625908, 51.37005443586531, 36.65641379824228, 53.797664655292465, 57.34291037975345, 46.306751822994556, 32.051689920190256, 17.73226329588215, 0.3201924522581976, 104.61256417983532],
"numWorkings":[0, 100, 100, 91, 100, 98, 94, 94, 92, 98, 99, 100, 100, 100, 98, 100, 100, 92, 100, 98, 100],
"totalWorkingTimes":[0, 6027730, 5340212, 4392928, 5477390, 5126031, 4814457, 5097395, 4860283, 5358551, 4802155, 5378342, 5512221, 5352955, 4227787, 5374439, 4740918, 4773739, 4140935, 4706967, 5312019]}