ª{"problemName":"R210_2.TXT",
"populationK":1,
"lsRunTime":70000,
"addFirstNeighborhoods":true,
"numHelperNeighborhoods":0,
"numRounds":20,
"numMappers":2,
"roundLengths":[0, 84128, 77037, 78111, 77891, 78030, 81073, 76040, 77997, 79921, 80236, 80234, 77825, 82763, 80747, 78939, 81172, 78355, 78351, 80069, 76526],
"bestSolCosts":[71650.44473872735, 40665.95096207573, 40315.20307499532, 39852.60211875545, 39473.57496526292, 39417.453612968726, 39417.29873485695, 39417.29873485695, 39406.21034534041, 39166.840758347214, 39136.53390500197, 39071.462578411825, 39067.9691530283, 39067.730737099475, 38912.607561783196, 38901.51044127393, 38890.531610437574, 38762.47801875844, 38722.402372178454, 38720.408982893576, 38715.75123453445],
"helperTimes":[0, 0, 29, 24, 34, 35, 54, 28, 0, 22, 12, 22, 34, 0, 0, 0, 37, 83, 34, 59, 66],
"regularTimes":[0, 64398, 57803, 59270, 58863, 59593, 58629, 56585, 60015, 59727, 57058, 59181, 58886, 60043, 57909, 55819, 59045, 57079, 57947, 57359, 58723],
"helperSuccessfuls":[0, 0, 0, 0, 0, 0, 0, 0, 0, 0, 0, 0, 0, 0, 0, 0, 0, 0, 0, 0, 0],
"helperTrieds":[0, 0, 1, 1, 1, 1, 1, 1, 0, 1, 1, 1, 1, 0, 0, 0, 1, 1, 1, 1, 1],
"regularSuccessfuls":[0, 1849, 97, 87, 45, 17, 1, 0, 8, 39, 9, 4, 4, 1, 18, 10, 8, 20, 20, 9, 7],
"regularTrieds":[0, 16081, 18746, 23255, 18609, 22008, 21685, 26482, 23035, 22091, 20753, 24403, 24648, 23102, 18718, 21621, 23662, 20675, 22949, 21871, 27424],
"helperImprovements":[0.0, 0.0, 0.0, 0.0, 0.0, 0.0, 0.0, 0.0, 0.0, 0.0, 0.0, 0.0, 0.0, 0.0, 0.0, 0.0, 0.0, 0.0, 0.0, 0.0, 0.0],
"regularImprovements":[0.0, 30984.493776651623, 350.7478870804116, 462.60095623986854, 379.0271534925341, 56.12135229419073, 0.1548781117744511, 0.0, 11.088389516538882, 239.36958699319803, 30.306853345246054, 65.07132659014314, 3.4934253835235722, 0.23841592882672558, 155.12317531627923, 11.097120509264641, 10.978830836356792, 128.05359167913412, 40.075646579985914, 1.9933892848785035, 4.6577483591245255],
"numWorkings":[0, 2, 2, 2, 2, 2, 2, 2, 2, 2, 2, 2, 2, 2, 2, 2, 2, 2, 2, 2, 2],
"totalWorkingTimes":[0, 128696, 116942, 118508, 117615, 119479, 117528, 113327, 120029, 119399, 115142, 118396, 117820, 120179, 115949, 111574, 118188, 114597, 115885, 114593, 117685]}