Ü{"problemName":"R210_2.TXT",
"populationK":4,
"lsRunTime":70000,
"addFirstNeighborhoods":true,
"numHelperNeighborhoods":0,
"numRounds":20,
"numMappers":5,
"roundLengths":[0, 83027, 81020, 76113, 80862, 82031, 80078, 82094, 79997, 77959, 81206, 79220, 80919, 79656, 80888, 78803, 77170, 77433, 79945, 78507, 77477],
"bestSolCosts":[61989.37275162328, 39372.59286574313, 39087.892735927955, 39020.441452141145, 38724.24251475054, 38531.53957022849, 38517.33975637724, 38164.233491453815, 38107.849078918975, 38041.53856080593, 37966.667997802, 37922.61735636063, 37922.61735636063, 37893.624342356445, 37870.7389495501, 37816.31974711309, 37739.398581663445, 37716.67145253846, 37669.787378076355, 37522.6477491425, 37520.05104954015],
"helperTimes":[0, 0, 12, 52, 21, 36, 44, 84, 51, 14, 22, 27, 48, 42, 67, 44, 45, 82, 54, 34, 24],
"regularTimes":[0, 64422, 56092, 52614, 61241, 57717, 56090, 58913, 52509, 0, 58552, 55935, 58834, 56115, 58891, 59446, 60426, 58811, 55723, 59133, 53241],
"helperSuccessfuls":[0, 0, 0, 0, 0, 0, 0, 1, 1, 1, 0, 1, 0, 0, 1, 0, 0, 0, 0, 0, 0],
"helperTrieds":[0, 0, 1, 1, 1, 1, 1, 1, 1, 1, 1, 1, 1, 1, 1, 1, 1, 1, 1, 1, 1],
"regularSuccessfuls":[0, 1505, 45, 14, 36, 29, 10, 37, 35, 0, 17, 8, 0, 22, 16, 5, 25, 11, 15, 39, 7],
"regularTrieds":[0, 18199, 19591, 19236, 21725, 20064, 23444, 22259, 16840, 0, 22078, 19081, 21728, 14734, 19410, 20186, 21301, 21150, 20856, 19443, 22079],
"helperImprovements":[0.0, 0.0, 0.0, 0.0, 0.0, 0.0, 0.0, 0.34708648490777705, 20.12369471499551, 66.31051811304496, 0.0, 11.602985964731488, 0.0, 0.0, 4.653862829545687, 0.0, 0.0, 0.0, 0.0, 0.0, 0.0],
"regularImprovements":[0.0, 22616.779885880154, 284.70012981517357, 67.45128378680965, 326.9832140694343, 211.62859353568638, 79.54294338905311, 366.95899228976486, 279.46035436382226, 0.0, 74.87056300393306, 32.44765547663701, 0.0, 28.99301400418335, 24.287547757565335, 54.41920243700588, 154.22576069299976, 22.727129124985368, 46.88407446210476, 147.13962893385178, 2.5966996023562388],
"numWorkings":[0, 5, 5, 5, 5, 5, 5, 5, 5, 4, 5, 5, 5, 5, 5, 5, 5, 5, 5, 5, 5],
"totalWorkingTimes":[0, 319512, 282560, 269364, 302293, 290725, 283113, 295094, 269366, 231976, 292999, 286144, 287030, 279972, 293655, 293879, 298529, 295055, 289630, 294496, 279184]}