¨{"problemName":"R210_2.TXT",
"populationK":4,
"lsRunTime":70000,
"addFirstNeighborhoods":true,
"numHelperNeighborhoods":0,
"numRounds":20,
"numMappers":5,
"roundLengths":[0, 84051, 78020, 78111, 73885, 79026, 79062, 77041, 81020, 78931, 78221, 78013, 79128, 75664, 82747, 79942, 79168, 78353, 79355, 78065, 78469],
"bestSolCosts":[61680.597170994755, 36081.42358367943, 35802.57740212271, 35567.88516439504, 35423.36421684362, 35395.01472783226, 35249.551170365135, 35167.38454466349, 35134.75081514625, 35121.44176467897, 35115.50007207925, 35078.262956653285, 35049.94072247486, 35026.39007673322, 35026.39007673322, 35001.79454809397, 34800.94098578975, 34800.94098578975, 34800.09070264379, 34759.59986350647, 34759.59986350647],
"helperTimes":[0, 0, 19, 36, 30, 27, 135, 45, 23, 44, 41, 42, 104, 24, 50, 46, 25, 32, 38, 0, 49],
"regularTimes":[0, 61818, 54066, 58261, 54528, 59584, 58734, 58529, 57240, 60098, 53627, 57424, 60377, 56016, 57837, 55524, 58506, 52705, 58410, 57198, 49923],
"helperSuccessfuls":[0, 0, 0, 0, 0, 0, 0, 0, 0, 0, 0, 0, 0, 0, 0, 1, 1, 0, 0, 0, 0],
"helperTrieds":[0, 0, 1, 1, 1, 1, 1, 1, 1, 1, 1, 1, 1, 1, 1, 1, 1, 1, 1, 0, 1],
"regularSuccessfuls":[0, 1507, 47, 34, 26, 14, 29, 15, 30, 7, 5, 10, 4, 5, 0, 8, 23, 0, 5, 16, 0],
"regularTrieds":[0, 15049, 12558, 14209, 13295, 13978, 13128, 13844, 15772, 16477, 16441, 16245, 18203, 15970, 16273, 18431, 19402, 14702, 16117, 15482, 16788],
"helperImprovements":[0.0, 0.0, 0.0, 0.0, 0.0, 0.0, 0.0, 0.0, 0.0, 0.0, 0.0, 0.0, 0.0, 0.0, 0.0, 7.7625676109601045, 1.2921011756698135, 0.0, 0.0, 0.0, 0.0],
"regularImprovements":[0.0, 25599.173587315323, 278.8461815567207, 234.69223772767145, 144.52094755142025, 28.349489011357946, 165.66859382842813, 82.16662570164772, 80.89062263487722, 37.01941306619119, 5.9416925997211365, 43.17880802568834, 28.322234178427607, 23.55064574163407, 0.0, 16.832961028296268, 229.44319282708602, 0.0, 0.8502831459554727, 60.34784146054153, 0.0],
"numWorkings":[0, 5, 5, 5, 4, 5, 5, 5, 5, 5, 5, 5, 5, 5, 5, 5, 5, 5, 5, 5, 5],
"totalWorkingTimes":[0, 310164, 285508, 291277, 225573, 299334, 292209, 292489, 285977, 300802, 276437, 288088, 301354, 285404, 291104, 271642, 292163, 272970, 288342, 285334, 261476]}