u{"problemName":"R210_2.TXT",
"populationK":4,
"lsRunTime":70000,
"addFirstNeighborhoods":true,
"numHelperNeighborhoods":0,
"numRounds":20,
"numMappers":5,
"roundLengths":[0, 83739, 79362, 78126, 78883, 78999, 73876, 81256, 82011, 79952, 77210, 79223, 76913, 78764, 79773, 78806, 79171, 78433, 79471, 79506, 75833],
"bestSolCosts":[60640.95971610385, 37409.307759912685, 36883.1803893013, 36852.74593971496, 36819.846495054546, 36819.78156785622, 36819.78156785622, 36819.78156785622, 36819.78156785622, 36726.373908803755, 36624.089029963325, 36612.3385773981, 36591.31058584634, 36584.95694767585, 36575.29450219957, 36551.40171264496, 36535.316328348934, 36535.22627358739, 36516.72384234719, 36516.72384234719, 36516.72384234719],
"helperTimes":[0, 0, 28, 40, 53, 20, 25, 20, 39, 64, 142, 57, 40, 34, 37, 122, 34, 48, 83, 35, 0],
"regularTimes":[0, 63676, 54961, 59113, 59289, 60333, 60995, 59560, 60669, 58930, 58158, 57848, 58127, 57767, 58877, 59728, 57420, 55418, 56280, 57675, 56514],
"helperSuccessfuls":[0, 0, 0, 0, 0, 0, 0, 0, 0, 0, 1, 0, 0, 0, 0, 0, 0, 0, 0, 0, 0],
"helperTrieds":[0, 0, 1, 1, 1, 1, 1, 1, 1, 1, 1, 1, 1, 1, 1, 1, 1, 1, 1, 1, 0],
"regularSuccessfuls":[0, 1494, 85, 24, 10, 1, 0, 0, 0, 10, 25, 19, 5, 5, 2, 6, 4, 2, 11, 0, 0],
"regularTrieds":[0, 16956, 16245, 20121, 20702, 19543, 20161, 17114, 20159, 19272, 19005, 18397, 20204, 20009, 20079, 21775, 21439, 20080, 18054, 17798, 20293],
"helperImprovements":[0.0, 0.0, 0.0, 0.0, 0.0, 0.0, 0.0, 0.0, 0.0, 0.0, 6.033422824817535, 0.0, 0.0, 0.0, 0.0, 0.0, 0.0, 0.0, 0.0, 0.0, 0.0],
"regularImprovements":[0.0, 23231.651956191163, 526.1273706113861, 30.434449586340634, 32.89944466041197, 0.06492719832749572, 0.0, 0.0, 0.0, 93.75087896353216, 101.76002921815962, 58.678991039516404, 21.02799155176035, 6.35363817049074, 9.662445476278663, 23.89278955460759, 16.08538429602777, 0.0900547615456162, 18.50243124019471, 0.0, 0.0],
"numWorkings":[0, 5, 5, 5, 5, 5, 4, 5, 5, 5, 5, 5, 5, 5, 5, 5, 5, 5, 5, 5, 5],
"totalWorkingTimes":[0, 302617, 275719, 301845, 296940, 301690, 243921, 298085, 303783, 295503, 292456, 296704, 291446, 288684, 294896, 300148, 287682, 277327, 291488, 288386, 279324]}