G{"problemName":"R210_2.TXT",
"populationK":4,
"lsRunTime":70000,
"addFirstNeighborhoods":true,
"numHelperNeighborhoods":0,
"numRounds":20,
"numMappers":5,
"roundLengths":[0, 85050, 79006, 71839, 78119, 81044, 79066, 81084, 77999, 98264, 77942, 78229, 79904, 77660, 80176, 78124, 78983, 81014, 79459, 78505, 77898],
"bestSolCosts":[65345.925549113635, 39114.71817884328, 38676.35374596167, 38269.41874595962, 38238.27731095014, 38115.77091606233, 38061.77534519517, 37852.572924618406, 37852.24782916981, 37845.86841953749, 37807.608467538965, 37800.08630042826, 37800.08630042826, 37674.71368694814, 37674.71368694814, 37674.71368694814, 37674.71368694814, 37674.71368694814, 37674.71368694814, 37674.71368694814, 37674.71368694814],
"helperTimes":[0, 0, 25, 43, 49, 30, 24, 50, 30, 45, 28, 69, 42, 0, 67, 0, 71, 0, 0, 66, 58],
"regularTimes":[0, 57770, 59010, 57534, 60306, 59731, 59558, 56047, 52450, 60122, 60564, 58448, 60198, 58659, 60957, 57829, 62599, 59279, 59815, 58600, 58072],
"helperSuccessfuls":[0, 0, 0, 0, 1, 0, 0, 0, 0, 0, 0, 0, 0, 0, 0, 0, 0, 0, 0, 0, 0],
"helperTrieds":[0, 0, 1, 1, 1, 1, 1, 1, 1, 1, 1, 1, 1, 0, 1, 0, 1, 0, 0, 1, 1],
"regularSuccessfuls":[0, 1639, 45, 78, 5, 27, 13, 36, 4, 7, 23, 21, 0, 4, 0, 0, 0, 0, 0, 0, 0],
"regularTrieds":[0, 16817, 15264, 13911, 20177, 15558, 10762, 17694, 14924, 17164, 14915, 17308, 17582, 17144, 18513, 17851, 19342, 20227, 16489, 20068, 14272],
"helperImprovements":[0.0, 0.0, 0.0, 0.0, 0.05867443375609582, 0.0, 0.0, 0.0, 0.0, 0.0, 0.0, 0.0, 0.0, 0.0, 0.0, 0.0, 0.0, 0.0, 0.0, 0.0, 0.0],
"regularImprovements":[0.0, 26231.207370270356, 438.3644328816081, 699.4269571801415, 77.15396721772413, 138.8512813247944, 53.99557086715504, 209.2024205767666, 0.32509544859203743, 6.379409632325405, 131.6062378802162, 45.501090546895284, 0.0, 125.37261348011816, 0.0, 0.0, 0.0, 0.0, 0.0, 0.0, 0.0],
"numWorkings":[0, 5, 5, 4, 5, 5, 5, 5, 5, 5, 5, 5, 5, 5, 5, 5, 5, 5, 5, 5, 5],
"totalWorkingTimes":[0, 290814, 284431, 230833, 299904, 299539, 287778, 285817, 281569, 324888, 295027, 293468, 302168, 293427, 305569, 280182, 301433, 295320, 299812, 293380, 293305]}