«{"problemName":"R210_2.TXT",
"populationK":8,
"lsRunTime":70000,
"addFirstNeighborhoods":true,
"numHelperNeighborhoods":0,
"numRounds":20,
"numMappers":10,
"roundLengths":[0, 81572, 78360, 74119, 79928, 79982, 78040, 77075, 76994, 79977, 77183, 73209, 74801, 71245, 74040, 81801, 79138, 80927, 78052, 81588, 79303],
"bestSolCosts":[58003.67063248689, 36923.02538907663, 36604.48663402185, 36331.60827645039, 36264.28545202472, 36172.98929256788, 36129.97729640753, 36073.48827443949, 36026.80748800317, 35978.36923679528, 35977.6259296589, 35974.29136845269, 35971.12451819524, 35923.922521902874, 35789.84832105796, 35763.9781665108, 35760.343045263806, 35760.343045263806, 35742.13621100948, 35741.67593582892, 35726.51852326458],
"helperTimes":[0, 0, 19, 40, 26, 29, 43, 41, 21, 29, 46, 88, 32, 37, 37, 0, 22, 59, 0, 37, 60],
"regularTimes":[0, 60918, 58285, 59086, 60265, 59273, 53662, 60139, 56843, 54913, 57254, 55191, 54607, 56249, 50194, 55469, 59900, 46388, 50440, 57595, 56889],
"helperSuccessfuls":[0, 0, 0, 0, 0, 0, 0, 0, 0, 0, 0, 0, 0, 0, 0, 0, 0, 0, 0, 0, 0],
"helperTrieds":[0, 0, 1, 1, 1, 1, 1, 1, 1, 1, 1, 1, 1, 1, 1, 0, 1, 1, 0, 1, 1],
"regularSuccessfuls":[0, 1269, 66, 40, 14, 5, 12, 33, 15, 9, 6, 2, 6, 14, 15, 9, 2, 0, 7, 1, 2],
"regularTrieds":[0, 19726, 21153, 18708, 19636, 17350, 14457, 20653, 19727, 19436, 18717, 16275, 16307, 12127, 15704, 17767, 20338, 16828, 13987, 19012, 22341],
"helperImprovements":[0.0, 0.0, 0.0, 0.0, 0.0, 0.0, 0.0, 0.0, 0.0, 0.0, 0.0, 0.0, 0.0, 0.0, 0.0, 0.0, 0.0, 0.0, 0.0, 0.0, 0.0],
"regularImprovements":[0.0, 21080.645243410254, 318.5387550547821, 272.8783575714624, 67.32282442566793, 91.29615945684054, 43.011996160348644, 167.2194214981282, 48.12250972988841, 74.6597551818777, 84.5214122315083, 3.6351212469962775, 3.7317953495148686, 53.70340775602381, 134.07420084491605, 25.870154547155835, 3.6351212469962775, 0.0, 18.206834254327987, 0.4602751805578009, 15.157412564338301],
"numWorkings":[0, 10, 10, 9, 10, 10, 10, 9, 10, 10, 9, 9, 9, 9, 9, 10, 10, 10, 10, 10, 10],
"totalWorkingTimes":[0, 623836, 577952, 542637, 577314, 564471, 546740, 540328, 560767, 579850, 512946, 507104, 507240, 493115, 463414, 570821, 553361, 524932, 540520, 592296, 577996]}