|{"problemName":"R210_2.TXT",
"populationK":8,
"lsRunTime":70000,
"addFirstNeighborhoods":true,
"numHelperNeighborhoods":0,
"numRounds":20,
"numMappers":10,
"roundLengths":[0, 88600, 84395, 79867, 76992, 75138, 78042, 80077, 75623, 74591, 80946, 78234, 80908, 78674, 79940, 78728, 81175, 79442, 77975, 78670, 80188],
"bestSolCosts":[57058.414238360754, 36772.75247605696, 36354.07000404524, 36091.87593283365, 35864.56497764624, 35757.03058690485, 35691.47831992513, 35497.08644815533, 35434.412114910694, 35409.647835186086, 35277.255598020114, 35277.255598020114, 35266.06644367015, 35250.35024069686, 35245.86573877173, 35245.86573877173, 35242.46849943172, 35242.22543083498, 35242.22543083498, 35242.22543083498, 35242.22543083498],
"helperTimes":[0, 0, 27, 30, 44, 47, 34, 33, 51, 45, 13, 26, 14, 40, 18, 0, 36, 32, 34, 52, 0],
"regularTimes":[0, 62362, 54687, 57153, 53549, 49895, 59584, 51607, 56686, 57045, 59721, 59414, 53547, 60322, 60235, 55151, 56111, 53417, 54841, 56622, 59388],
"helperSuccessfuls":[0, 0, 0, 0, 0, 0, 0, 0, 0, 0, 0, 0, 0, 0, 0, 0, 0, 0, 0, 0, 0],
"helperTrieds":[0, 0, 1, 1, 1, 1, 1, 1, 1, 1, 1, 1, 1, 1, 1, 0, 1, 1, 1, 1, 0],
"regularSuccessfuls":[0, 1242, 79, 42, 49, 47, 15, 12, 32, 10, 12, 0, 2, 9, 2, 0, 2, 1, 0, 0, 0],
"regularTrieds":[0, 15377, 18720, 20820, 14498, 15416, 17500, 13929, 17461, 17142, 20111, 19036, 16455, 17937, 18014, 15509, 13776, 14187, 16563, 15299, 18689],
"helperImprovements":[0.0, 0.0, 0.0, 0.0, 0.0, 0.0, 0.0, 0.0, 0.0, 0.0, 0.0, 0.0, 0.0, 0.0, 0.0, 0.0, 0.0, 0.0, 0.0, 0.0, 0.0],
"regularImprovements":[0.0, 20285.661762303796, 418.6824720117147, 262.1940712115902, 227.31095518741495, 334.8288816410277, 65.55226697972103, 194.3918717698034, 284.55731172391097, 24.76427972460806, 132.3922371659719, 0.0, 11.189154349965975, 40.424908886918274, 4.4845019251297344, 0.0, 3.397239340010856, 0.24306859674106818, 0.0, 0.0, 0.0],
"numWorkings":[0, 10, 10, 10, 9, 10, 10, 10, 9, 8, 10, 10, 10, 10, 10, 10, 10, 10, 10, 10, 10],
"totalWorkingTimes":[0, 640872, 563726, 541833, 479999, 513308, 576670, 544357, 510834, 457246, 593004, 589459, 542583, 604564, 603697, 562228, 576801, 542231, 563681, 570204, 598181]}