±{"problemName":"R210_2.TXT",
"populationK":8,
"lsRunTime":70000,
"addFirstNeighborhoods":true,
"numHelperNeighborhoods":0,
"numRounds":20,
"numMappers":10,
"roundLengths":[0, 83504, 77378, 79786, 78170, 78053, 76865, 77251, 80626, 81482, 76049, 79229, 74912, 78662, 77873, 79809, 73158, 78430, 78946, 77501, 77479],
"bestSolCosts":[60332.62824500311, 37625.200129846846, 36790.91339234559, 36602.793792877004, 36242.545059615775, 36023.21589782455, 35830.14208613343, 35805.889771124515, 35679.83454392099, 35626.072352364645, 35538.274296014264, 35378.6280780727, 35362.84592777577, 35360.05099601739, 35340.7386581283, 35330.07736730715, 35328.578795400856, 35323.66625416089, 35323.66625416089, 35323.66625416089, 35323.66625416089],
"helperTimes":[0, 0, 20, 16, 55, 35, 22, 7, 56, 38, 51, 24, 23, 43, 43, 103, 143, 40, 62, 56, 49],
"regularTimes":[0, 64809, 55237, 61178, 57819, 59946, 59286, 0, 60149, 60608, 57994, 58435, 56532, 56559, 55386, 58142, 50268, 55861, 52473, 57543, 58150],
"helperSuccessfuls":[0, 0, 0, 0, 0, 0, 0, 1, 0, 0, 0, 0, 0, 0, 0, 1, 1, 0, 0, 0, 0],
"helperTrieds":[0, 0, 1, 1, 1, 1, 1, 1, 1, 1, 1, 1, 1, 1, 1, 1, 1, 1, 1, 1, 1],
"regularSuccessfuls":[0, 1654, 112, 48, 49, 29, 39, 0, 14, 12, 14, 25, 5, 1, 6, 2, 1, 1, 0, 0, 0],
"regularTrieds":[0, 15820, 7521, 18699, 11026, 18925, 14420, 0, 16139, 19163, 14171, 13889, 14232, 18155, 14740, 17603, 14641, 19159, 15832, 8962, 16627],
"helperImprovements":[0.0, 0.0, 0.0, 0.0, 0.0, 0.0, 0.0, 24.25231500891823, 0.0, 0.0, 0.0, 0.0, 0.0, 0.0, 0.0, 2.7949317583843367, 0.5438381167768966, 0.0, 0.0, 0.0, 0.0],
"regularImprovements":[0.0, 32108.793623948564, 1173.104874365752, 188.11959946858406, 360.24873326122906, 219.3291617912255, 193.07381169111613, 0.0, 145.21006540374947, 53.76219155634317, 160.03312581928913, 159.6462179415612, 15.782150296930922, 2.7949317583843367, 36.384741856498295, 7.866359062762058, 0.9547337895201053, 4.912541239966231, 0.0, 0.0, 0.0],
"numWorkings":[0, 10, 10, 10, 10, 10, 10, 9, 10, 10, 9, 10, 9, 10, 10, 10, 8, 10, 10, 10, 10],
"totalWorkingTimes":[0, 637792, 566038, 582936, 590319, 577354, 596561, 530156, 582100, 602782, 523117, 582862, 519612, 575304, 556654, 571622, 412476, 562282, 546542, 555394, 579526]}