´{"problemName":"R210_2.TXT",
"populationK":8,
"lsRunTime":70000,
"addFirstNeighborhoods":true,
"numHelperNeighborhoods":0,
"numRounds":20,
"numMappers":10,
"roundLengths":[0, 82613, 89401, 78788, 79070, 78154, 81042, 77794, 76904, 78748, 78822, 78140, 77960, 78020, 78818, 79125, 88627, 81387, 74525, 84109, 77633],
"bestSolCosts":[62947.76239452652, 37451.37501495216, 37111.853912835235, 36870.57411633098, 36712.92492464739, 36417.54091277014, 36362.808651224936, 36362.808651224936, 36334.698083230825, 36155.023333549296, 36105.705163176324, 36041.2689105286, 35988.60406533041, 35728.533282035176, 35697.61476399953, 35600.92985900728, 35531.83882190341, 35530.16574780988, 35510.213628341, 35510.213628341, 35510.213628341],
"helperTimes":[0, 0, 17, 39, 29, 43, 60, 43, 51, 36, 161, 35, 35, 42, 29, 47, 26, 29, 66, 38, 72],
"regularTimes":[0, 63244, 58110, 50407, 51191, 57403, 53346, 50382, 59262, 55477, 56304, 56134, 56713, 59559, 58495, 56799, 50814, 59800, 54587, 58172, 58269],
"helperSuccessfuls":[0, 0, 0, 0, 0, 0, 0, 0, 1, 0, 1, 0, 0, 0, 0, 0, 0, 0, 0, 0, 0],
"helperTrieds":[0, 0, 1, 1, 1, 1, 1, 1, 1, 1, 1, 1, 1, 1, 1, 1, 1, 1, 1, 1, 1],
"regularSuccessfuls":[0, 1801, 69, 67, 21, 16, 11, 0, 11, 26, 1, 8, 21, 33, 8, 23, 11, 5, 3, 0, 0],
"regularTrieds":[0, 10587, 12724, 10647, 17558, 18583, 15954, 15309, 18516, 16485, 17422, 16337, 16820, 13275, 17332, 16247, 13823, 19056, 17264, 19246, 18898],
"helperImprovements":[0.0, 0.0, 0.0, 0.0, 0.0, 0.0, 0.0, 0.0, 2.6394110457404167, 0.0, 47.33983608879498, 0.0, 0.0, 0.0, 0.0, 0.0, 0.0, 0.0, 0.0, 0.0, 0.0],
"regularImprovements":[0.0, 27606.74666069143, 339.52110211692343, 594.1615465757204, 157.64919168358756, 295.3840118772496, 54.73226154520671, 0.0, 25.471156948369753, 179.67474968152965, 1.9783342841765261, 64.43625264772709, 52.66484519818914, 273.17748060487065, 30.9185180356435, 96.684904992253, 74.02597183041507, 1.6730740935308859, 19.952119468878664, 0.0, 0.0],
"numWorkings":[0, 10, 10, 10, 10, 10, 10, 10, 10, 10, 10, 10, 10, 10, 10, 10, 10, 10, 9, 10, 10],
"totalWorkingTimes":[0, 637915, 581688, 531296, 548897, 584716, 586627, 511465, 549834, 582780, 580976, 573225, 576127, 598299, 599121, 593366, 534565, 590529, 499277, 570043, 581330]}