	{"problemName":"R210_2.TXT",
"populationK":16,
"lsRunTime":70000,
"addFirstNeighborhoods":true,
"numHelperNeighborhoods":0,
"numRounds":20,
"numMappers":20,
"roundLengths":[0, 88355, 79383, 80866, 81002, 76146, 78040, 78863, 78838, 77602, 73921, 78238, 79902, 75653, 76770, 79919, 80168, 80443, 79983, 75480, 79473],
"bestSolCosts":[60681.17314801491, 38646.62787313413, 38289.118489967754, 38044.55967388937, 37855.279558955, 37704.391381877234, 37681.60386775312, 37559.911955233205, 37438.82627842803, 37301.484151445045, 37281.37363448489, 37236.567636991844, 37118.25848908919, 36976.10676423489, 36941.00527104078, 36940.726932402664, 36940.726932402664, 36795.69332263918, 36783.69211394956, 36777.78556846464, 36701.197983668164],
"helperTimes":[0, 0, 16, 50, 50, 27, 37, 51, 67, 51, 101, 48, 146, 29, 53, 43, 64, 58, 32, 33, 165],
"regularTimes":[0, 62703, 58608, 51544, 53280, 56326, 49711, 56706, 56583, 55729, 56381, 53840, 54454, 55192, 55606, 56059, 59644, 55154, 55502, 51105, 56329],
"helperSuccessfuls":[0, 0, 0, 0, 0, 0, 0, 0, 0, 0, 0, 0, 1, 0, 1, 0, 0, 0, 1, 0, 1],
"helperTrieds":[0, 0, 1, 1, 1, 1, 1, 1, 1, 1, 1, 1, 1, 1, 1, 1, 1, 1, 1, 1, 1],
"regularSuccessfuls":[0, 1285, 52, 32, 46, 22, 7, 34, 12, 19, 7, 5, 15, 15, 4, 1, 0, 11, 11, 4, 17],
"regularTrieds":[0, 12858, 15776, 13902, 5331, 11890, 12556, 10620, 8785, 8937, 10071, 9313, 9374, 7643, 8930, 12938, 12215, 8583, 10140, 9027, 11622],
"helperImprovements":[0.0, 0.0, 0.0, 0.0, 0.0, 0.0, 0.0, 0.0, 0.0, 0.0, 0.0, 0.0, 16.051376087460085, 0.0, 32.18931418408465, 0.0, 0.0, 0.0, 3.5387770564702805, 0.0, 1.1969208828159026],
"regularImprovements":[0.0, 22034.54527488078, 357.5093831663762, 244.55881607838091, 251.1120493783601, 150.88817707776616, 22.78751412411657, 133.9604943942977, 121.08567680517444, 137.34212698298506, 20.110516960157838, 44.80599749304383, 102.25777181519516, 142.15172485429503, 2.912179010025284, 0.2783386381197488, 0.0, 145.0336097634863, 8.46243163314648, 12.38208862573083, 75.39066391366214],
"numWorkings":[0, 20, 20, 20, 20, 19, 19, 19, 20, 19, 18, 20, 20, 19, 19, 19, 20, 20, 19, 19, 20],
"totalWorkingTimes":[0, 1230953, 1122517, 1099681, 1078300, 1008723, 1076924, 1079413, 1154151, 1012952, 1032146, 1112922, 1155852, 1041649, 1093005, 1093763, 1156244, 1116563, 1071518, 1011142, 1151397]}