
{"problemName":"rc110_1.txt",
"populationK":1,
"lsRunTime":70000,
"addFirstNeighborhoods":true,
"numHelperNeighborhoods":300,
"numRounds":20,
"numMappers":1456,
"roundLengths":[0, 138193, 99514, 90966, 90109, 84332, 91458, 83783, 84776, 80469, 79826, 80046, 84756, 85189, 100785, 119856, 104883, 94681, 84699, 90684, 79734],
"bestSolCosts":[67913.0536431725, 49996.617465210154, 48918.826210966174, 48654.08444893689, 48403.01882259243, 48264.4026493919, 48071.24387039692, 47934.23595225571, 47703.60753780768, 47581.49127754879, 47463.23435152193, 47390.992922744685, 47362.98992857358, 47330.6179997337, 47191.44886913107, 47133.49190719149, 47093.09872573995, 47074.727273750126, 47051.799708110426, 47014.40573869563, 46993.625299450636],
"helperTimes":[0, 0, 1083, 475, 1410, 1208, 1647, 1067, 1507, 889, 899, 1336, 1709, 1312, 2475, 676, 1368, 586, 1201, 3351, 1591],
"regularTimes":[0, 52941, 50928, 50342, 50057, 51742, 49011, 50712, 52504, 46488, 51471, 25232, 26407, 26649, 46108, 45726, 25115, 30768, 48209, 19919, 29346],
"helperSuccessfuls":[0, 0, 3, 0, 10, 1, 4, 1, 1, 3, 0, 6, 0, 4, 1, 4, 1, 2, 0, 3, 0],
"helperTrieds":[0, 0, 301, 301, 301, 301, 301, 301, 301, 301, 301, 301, 301, 301, 301, 301, 301, 301, 301, 301, 301],
"regularSuccessfuls":[0, 1413, 180, 59, 50, 27, 43, 14, 30, 15, 25, 15, 16, 9, 8, 6, 4, 4, 6, 7, 6],
"regularTrieds":[0, 7817, 2491, 6360, 7443, 9124, 9104, 7864, 10643, 8323, 6218, 2724, 3053, 3572, 5507, 6794, 3230, 5385, 8957, 3160, 5174],
"helperImprovements":[0.0, 0.0, 5.215564493424608, 0.0, 23.350330460489204, 0.7887748588327668, 9.108303010805685, 2.64960958895972, 5.51191973630921, 34.34904426286812, 0.0, 10.752029404393397, 0.0, 9.895622118077881, 0.19926509409560822, 17.21264365897514, 2.122480347075907, 1.128536821306625, 0.0, 14.203991382026288, 0.0],
"regularImprovements":[0.0, 24815.951033663478, 1072.5756897505562, 264.74176202928356, 227.71529588397243, 137.8273983416948, 184.05047598417877, 134.35830855224776, 225.11649471172132, 87.76721599602024, 118.2569260268574, 61.48939937285468, 28.002994171103637, 22.47630672180094, 138.96986550853762, 40.744318280601874, 38.27070110446948, 17.24291516851372, 22.927565639700333, 23.18997803277307, 20.780439244990703],
"numWorkings":[0, 587, 738, 816, 777, 818, 822, 775, 792, 1040, 836, 832, 905, 836, 819, 907, 790, 823, 873, 821, 873],
"totalWorkingTimes":[0, 38520320, 46526849, 48869038, 49616345, 52310535, 48567705, 50179537, 49908710, 56956323, 52473331, 53405662, 54512762, 52236945, 54587205, 55289633, 52594270, 52733573, 51129179, 53619386, 55674915]}