	{"problemName":"rc110_1.txt",
"populationK":7,
"lsRunTime":70000,
"addFirstNeighborhoods":true,
"numHelperNeighborhoods":0,
"numRounds":20,
"numMappers":100,
"roundLengths":[0, 84050, 80938, 87206, 84757, 95769, 81909, 83502, 80783, 84908, 77080, 78950, 80338, 79682, 78889, 73923, 76697, 84684, 78750, 81777, 77628],
"bestSolCosts":[69841.0379433902, 50072.47601376529, 49688.52759910143, 49321.95761461012, 49092.069061015514, 48954.47426503828, 48797.795664439225, 48739.63548973648, 48666.06683248195, 48603.32283327661, 48541.52951347332, 48480.480601112264, 48418.544557489855, 48355.465479290775, 48330.904096571176, 48285.79641943297, 48263.08855084052, 48234.04711085134, 48208.8109316841, 48158.086392484205, 48106.17845588156],
"helperTimes":[0, 0, 20, 33, 71, 29, 24, 42, 23, 69, 78, 87, 31, 456, 70, 86, 63, 119, 138, 76, 56],
"regularTimes":[0, 62146, 53800, 47632, 52840, 54072, 54160, 52558, 54570, 50436, 52734, 50499, 48257, 52862, 46888, 54521, 55932, 47466, 36769, 54126, 53992],
"helperSuccessfuls":[0, 0, 0, 0, 0, 0, 0, 1, 0, 0, 0, 0, 1, 1, 0, 0, 1, 0, 0, 0, 0],
"helperTrieds":[0, 0, 1, 1, 1, 1, 1, 1, 1, 1, 1, 1, 1, 1, 1, 1, 1, 1, 1, 1, 1],
"regularSuccessfuls":[0, 1267, 92, 69, 46, 19, 28, 32, 19, 16, 9, 7, 17, 14, 9, 14, 11, 10, 6, 7, 4],
"regularTrieds":[0, 7927, 1520, 4999, 6866, 8858, 6805, 5023, 6285, 3759, 8122, 4962, 5676, 5896, 8100, 6812, 9623, 6093, 2954, 8235, 10145],
"helperImprovements":[0.0, 0.0, 0.0, 0.0, 0.0, 0.0, 0.0, 0.09045150753081543, 0.0, 0.0, 0.0, 0.0, 0.3837660698045511, 10.91494107519975, 0.0, 0.0, 2.7719984970099176, 0.0, 0.0, 0.0, 0.0],
"regularImprovements":[0.0, 25973.905032545503, 690.8172786983778, 498.9665824490221, 229.88855359460285, 137.59479597723112, 162.14630576350464, 148.39974114751385, 73.56865725453099, 66.5723025344123, 67.91446525945503, 61.048912361053226, 61.55227755260421, 64.28089100806392, 24.56138271959935, 53.494105339872476, 30.436610534037754, 32.326526274642674, 38.187919127019995, 50.724539199894934, 60.21989380779996],
"numWorkings":[0, 100, 100, 97, 95, 98, 100, 97, 100, 100, 99, 96, 96, 100, 98, 94, 100, 100, 100, 100, 99],
"totalWorkingTimes":[0, 6218306, 5390594, 4644004, 5017850, 5410577, 5420501, 5142491, 5445107, 5138441, 4986308, 4929304, 5141927, 5448430, 4844501, 5115645, 5256430, 5071718, 3948000, 5488110, 5229562]}