ö{"problemName":"R210_2.TXT",
"populationK":16,
"lsRunTime":70000,
"addFirstNeighborhoods":true,
"numHelperNeighborhoods":0,
"numRounds":20,
"numMappers":20,
"roundLengths":[0, 84336, 77378, 84798, 77068, 82161, 74940, 75879, 77907, 79669, 77901, 80213, 78901, 79023, 78818, 77119, 72910, 77064, 73966, 78744, 75133],
"bestSolCosts":[59916.41778686516, 37892.91582839665, 36871.161542800706, 36566.88542671154, 36311.19080630965, 36222.72626052169, 35971.4854255411, 35915.067278657574, 35732.317529042084, 35586.72609316979, 35486.90766667486, 35464.27901015138, 35458.676733118344, 35235.991091439304, 35205.56853858628, 35204.58260793396, 35201.56250534891, 35004.49939916024, 34914.063748830886, 34891.404486939624, 34891.404486939624],
"helperTimes":[0, 0, 13, 41, 94, 28, 33, 100, 41, 54, 31, 41, 47, 38, 19, 73, 151, 94, 37, 49, 50],
"regularTimes":[0, 60373, 59811, 54349, 56325, 52309, 54330, 44869, 56619, 54893, 55438, 57020, 57726, 57216, 60111, 56740, 54965, 55858, 55185, 49231, 55840],
"helperSuccessfuls":[0, 0, 0, 0, 1, 0, 1, 0, 0, 0, 0, 0, 0, 0, 0, 0, 0, 0, 0, 0, 0],
"helperTrieds":[0, 0, 1, 1, 1, 1, 1, 1, 1, 1, 1, 1, 1, 1, 1, 1, 1, 1, 1, 1, 1],
"regularSuccessfuls":[0, 1482, 137, 61, 44, 17, 30, 13, 10, 29, 16, 6, 3, 11, 1, 1, 4, 24, 24, 9, 0],
"regularTrieds":[0, 13931, 14221, 12641, 18113, 19639, 17275, 11983, 19916, 19261, 15182, 15706, 19838, 14816, 12379, 17087, 16928, 18064, 13865, 18160, 20121],
"helperImprovements":[0.0, 0.0, 0.0, 0.0, 14.571854747970065, 0.0, 25.892453441141697, 0.0, 0.0, 0.0, 0.0, 0.0, 0.0, 0.0, 0.0, 0.0, 0.0, 0.0, 0.0, 0.0, 0.0],
"regularImprovements":[0.0, 22023.501958468507, 1021.7542855959473, 652.3785163860448, 262.8497685467737, 169.4329237182974, 225.3483815394502, 146.28498678311735, 231.04929436088423, 145.59143587229482, 100.71666438142711, 22.62865652347682, 5.602277033038263, 227.07978466096392, 30.422552853022353, 2.1613834897070774, 3.0201025850474252, 197.06310618867428, 211.43933847492008, 22.65926189126185, 0.0],
"numWorkings":[0, 20, 20, 17, 18, 20, 19, 19, 20, 20, 20, 20, 20, 20, 20, 20, 19, 19, 19, 20, 18],
"totalWorkingTimes":[0, 1193644, 1141297, 954972, 1038000, 1089681, 1060301, 883974, 1125598, 1146455, 1124894, 1155184, 1130318, 1167557, 1135368, 1144462, 1074000, 1103627, 1066866, 1066434, 1008798]}