á{"problemName":"R210_2.TXT",
"populationK":16,
"lsRunTime":70000,
"addFirstNeighborhoods":true,
"numHelperNeighborhoods":0,
"numRounds":20,
"numMappers":20,
"roundLengths":[0, 82375, 78381, 75863, 77995, 78141, 73931, 78890, 76910, 73585, 76936, 77232, 74896, 75657, 75871, 75799, 78169, 78353, 77350, 78602, 74928],
"bestSolCosts":[62936.42621627625, 37582.011710162034, 36742.484363114294, 36657.92190529723, 36549.7242679312, 36400.677468265596, 36308.63820063605, 36277.850539058156, 36263.907469722915, 36251.8419412869, 36197.3935915562, 36179.08830898686, 36124.67655353086, 36086.75932508613, 36055.967936213405, 36044.641434599966, 36023.14292168666, 36008.70311257252, 35970.485849491204, 35970.485849491204, 35970.485849491204],
"helperTimes":[0, 0, 15, 31, 43, 47, 62, 120, 30, 32, 55, 98, 107, 78, 26, 13, 55, 28, 38, 45, 25],
"regularTimes":[0, 53297, 54906, 42853, 53247, 52442, 49083, 55532, 58012, 56789, 54966, 58989, 57515, 54471, 52560, 53044, 52414, 53543, 49519, 52033, 56015],
"helperSuccessfuls":[0, 0, 0, 0, 0, 0, 0, 0, 0, 0, 0, 1, 0, 1, 0, 0, 0, 0, 0, 0, 0],
"helperTrieds":[0, 0, 1, 1, 1, 1, 1, 1, 1, 1, 1, 1, 1, 1, 1, 1, 1, 1, 1, 1, 1],
"regularSuccessfuls":[0, 1826, 104, 9, 34, 19, 28, 23, 4, 3, 5, 12, 10, 9, 9, 4, 5, 10, 3, 0, 0],
"regularTrieds":[0, 11797, 13130, 12602, 13580, 11703, 11964, 17100, 16685, 15730, 13100, 15255, 16059, 14315, 14336, 16438, 15576, 15398, 13473, 14199, 17255],
"helperImprovements":[0.0, 0.0, 0.0, 0.0, 0.0, 0.0, 0.0, 0.0, 0.0, 0.0, 0.0, 4.412567644481896, 0.0, 0.022685357587761246, 0.0, 0.0, 0.0, 0.0, 0.0, 0.0, 0.0],
"regularImprovements":[0.0, 32214.426509460078, 839.5273470477405, 84.56245781706093, 128.29130249017908, 149.0467996656007, 92.03926762954507, 80.97370392894663, 41.85322527849348, 26.008597771258792, 54.448349730693735, 13.892714924862958, 79.53518742979213, 110.60269285491813, 30.79138887272711, 11.326501613439177, 21.498512913305603, 32.4263672243178, 38.21726308131474, 0.0, 0.0],
"numWorkings":[0, 20, 19, 19, 20, 18, 19, 20, 19, 19, 20, 18, 18, 18, 19, 19, 20, 20, 20, 20, 19],
"totalWorkingTimes":[0, 1129860, 1057235, 1000842, 1089148, 1017318, 1012348, 1133256, 1098768, 1087522, 1133456, 1070886, 1046209, 965789, 1035872, 1001254, 1065629, 1103992, 1030780, 1103101, 1060570]}