þ{"problemName":"R210_2.TXT",
"populationK":40,
"lsRunTime":70000,
"addFirstNeighborhoods":true,
"numHelperNeighborhoods":0,
"numRounds":20,
"numMappers":50,
"roundLengths":[0, 96879, 119216, 80853, 83062, 80045, 80859, 77836, 79610, 79968, 81076, 79047, 76013, 107860, 80128, 88955, 78094, 82681, 90968, 77456, 78440],
"bestSolCosts":[53421.496600114595, 36072.53954423948, 35410.526667072634, 35003.161382021186, 34818.45482176292, 34684.59088616266, 34508.9045453598, 34413.26759232335, 34271.46007986645, 34093.126791343435, 33980.03180212645, 33897.05316277434, 33768.25211170106, 33742.20646827391, 33707.6601308518, 33659.77543942028, 33623.0478795957, 33592.533502508726, 33564.763280660976, 33504.382798437364, 33415.83899384097],
"helperTimes":[0, 0, 15, 41, 30, 30, 92, 26, 43, 37, 43, 136, 25, 40, 105, 106, 57, 57, 55, 56, 74],
"regularTimes":[0, 59150, 54682, 48959, 58739, 42073, 54364, 56686, 55804, 55766, 60319, 54309, 52379, 57281, 57959, 52936, 58938, 53619, 55740, 53747, 56138],
"helperSuccessfuls":[0, 0, 0, 0, 0, 0, 0, 0, 0, 0, 0, 0, 0, 0, 0, 1, 0, 1, 1, 0, 0],
"helperTrieds":[0, 0, 1, 1, 1, 1, 1, 1, 1, 1, 1, 1, 1, 1, 1, 1, 1, 1, 1, 1, 1],
"regularSuccessfuls":[0, 1409, 69, 36, 24, 31, 44, 6, 30, 21, 22, 34, 38, 4, 8, 18, 6, 13, 18, 11, 13],
"regularTrieds":[0, 6928, 4398, 7253, 7079, 6006, 7436, 7765, 3091, 6599, 7372, 8878, 5993, 7684, 6998, 7586, 9872, 7803, 8692, 7166, 9087],
"helperImprovements":[0.0, 0.0, 0.0, 0.0, 0.0, 0.0, 0.0, 0.0, 0.0, 0.0, 0.0, 0.0, 0.0, 0.0, 0.0, 3.4200048277707538, 0.0, 1.2849837491230574, 1.2849837491303333, 0.0, 0.0],
"regularImprovements":[0.0, 23916.06972255779, 662.012877166846, 407.36528505144815, 184.7065602582661, 162.3117124622877, 393.23951081970154, 116.13959163452819, 141.80751245690044, 178.33328852301202, 113.09498921698832, 196.07362856909458, 128.80105107327836, 26.045643427154573, 93.5326302591202, 44.46468660375103, 36.72755982457602, 29.229393337853253, 32.0937393261338, 88.40588551144174, 88.54380459639651],
"numWorkings":[0, 50, 49, 48, 49, 49, 50, 50, 46, 46, 50, 49, 46, 50, 50, 49, 50, 47, 50, 48, 50],
"totalWorkingTimes":[0, 3027469, 2741383, 2460168, 2450926, 2120931, 2777793, 2801491, 2580688, 2586247, 2889093, 2703232, 2539251, 2915138, 2923742, 2718015, 2954580, 2560561, 2859414, 2588881, 2827667]}