ü{"problemName":"R210_2.TXT",
"populationK":40,
"lsRunTime":70000,
"addFirstNeighborhoods":true,
"numHelperNeighborhoods":0,
"numRounds":20,
"numMappers":50,
"roundLengths":[0, 83623, 80387, 79788, 80066, 78151, 78940, 76971, 80844, 78740, 84833, 79539, 78564, 81012, 78843, 79119, 82070, 78918, 79612, 81019, 76494],
"bestSolCosts":[56208.4366878521, 36787.736707714714, 36583.35471461974, 36365.08640551763, 36161.089121799334, 36018.630235329285, 35872.94088972677, 35693.45911156555, 35657.803652766444, 35604.76149250554, 35528.4466890988, 35486.859669083206, 35387.5077776219, 35318.66470879628, 35263.446749019386, 35260.36367237963, 35232.87030647864, 35232.87030647864, 35232.87030647864, 35201.51896967575, 35201.51896967575],
"helperTimes":[0, 0, 15, 36, 32, 25, 142, 44, 59, 34, 47, 45, 32, 90, 76, 52, 49, 41, 44, 57, 32],
"regularTimes":[0, 61911, 54973, 54454, 52726, 54217, 53643, 44625, 57118, 56180, 59744, 53515, 54561, 54392, 46502, 45840, 56610, 51876, 56903, 57817, 52979],
"helperSuccessfuls":[0, 0, 0, 0, 1, 0, 1, 0, 0, 0, 0, 1, 0, 0, 1, 1, 0, 0, 0, 0, 0],
"helperTrieds":[0, 0, 1, 1, 1, 1, 1, 1, 1, 1, 1, 1, 1, 1, 1, 1, 1, 1, 1, 1, 1],
"regularSuccessfuls":[0, 1753, 27, 46, 27, 17, 36, 24, 5, 23, 38, 10, 12, 10, 2, 1, 5, 0, 0, 4, 0],
"regularTrieds":[0, 13027, 11336, 13093, 12990, 12693, 13648, 10833, 16549, 14257, 12304, 12566, 13756, 13015, 14067, 13835, 18856, 15523, 14873, 17629, 16842],
"helperImprovements":[0.0, 0.0, 0.0, 0.0, 7.6073597423310275, 0.0, 1.8739710223089787, 0.0, 0.0, 0.0, 0.0, 4.760553213593084, 0.0, 0.0, 3.1047942858422175, 2.0490779961037333, 0.0, 0.0, 0.0, 0.0, 0.0],
"regularImprovements":[0.0, 29610.379327246475, 204.38199309497577, 347.9916470675962, 196.38992397596303, 142.45888647004904, 190.78851097792358, 179.48177816122188, 35.65545879910496, 86.10353101720102, 284.3876502675703, 113.14127020874002, 123.09543798997765, 68.84306882561941, 52.113165491049585, 1.033998643652012, 43.006504258723, 0.0, 0.0, 42.59063017935114, 0.0],
"numWorkings":[0, 50, 49, 48, 50, 47, 50, 47, 50, 48, 48, 50, 48, 49, 49, 50, 50, 50, 50, 50, 50],
"totalWorkingTimes":[0, 3126935, 2745801, 2616807, 2653315, 2449441, 2744767, 2286638, 2898498, 2686764, 2648228, 2657960, 2636586, 2713999, 2281786, 2447060, 2827003, 2681432, 2875931, 2785561, 2666751]}