Ò{"problemName":"R210_2.TXT",
"populationK":40,
"lsRunTime":70000,
"addFirstNeighborhoods":true,
"numHelperNeighborhoods":0,
"numRounds":20,
"numMappers":50,
"roundLengths":[0, 94986, 94142, 76890, 85072, 81009, 80071, 80633, 84487, 78066, 86251, 84916, 88037, 77834, 85116, 90860, 79161, 79574, 78051, 79476, 79472],
"bestSolCosts":[55189.58767664541, 36479.13451686131, 36100.43398666171, 36057.89837258531, 35869.95281667641, 35527.69841505976, 35395.296448042565, 35321.31403993925, 35019.37741096782, 34913.91690376692, 34894.34828114153, 34821.40115923825, 34793.84721540949, 34785.92141105659, 34758.85809272372, 34758.85809272372, 34758.85809272372, 34757.111043042714, 34757.111043042714, 34757.111043042714, 34745.4722580264],
"helperTimes":[0, 0, 48, 42, 81, 34, 36, 32, 60, 33, 66, 29, 37, 79, 63, 66, 63, 71, 74, 51, 71],
"regularTimes":[0, 61488, 54021, 52419, 53250, 52422, 58132, 53349, 58933, 58269, 57727, 54174, 56284, 56487, 56322, 56158, 54560, 54227, 52698, 55671, 60482],
"helperSuccessfuls":[0, 0, 0, 0, 0, 0, 0, 0, 0, 1, 1, 0, 0, 1, 1, 0, 0, 0, 0, 0, 0],
"helperTrieds":[0, 0, 1, 1, 1, 1, 1, 1, 1, 1, 1, 1, 1, 1, 1, 1, 1, 1, 1, 1, 1],
"regularSuccessfuls":[0, 1250, 47, 74, 27, 30, 25, 13, 34, 16, 8, 3, 4, 2, 12, 0, 0, 4, 0, 0, 3],
"regularTrieds":[0, 18317, 15193, 8923, 9052, 7574, 11627, 10252, 7184, 5720, 9848, 12113, 11128, 12627, 9278, 8214, 13849, 8803, 11461, 13665, 13700],
"helperImprovements":[0.0, 0.0, 0.0, 0.0, 0.0, 0.0, 0.0, 0.0, 0.0, 11.3652238356226, 4.9793584613798885, 0.0, 0.0, 3.2010163349477807, 2.7442588181002066, 0.0, 0.0, 0.0, 0.0, 0.0, 0.0],
"regularImprovements":[0.0, 21303.37375244208, 378.70053019960324, 518.4527244063502, 187.94555590890377, 342.2544016166503, 132.40196701719105, 73.98240810331481, 301.93662897143076, 94.09528336527728, 14.589264164009364, 72.94712190327846, 27.553943828759657, 4.724788017956598, 77.32637704068475, 0.0, 0.0, 1.747049681005592, 0.0, 0.0, 11.638785016315524],
"numWorkings":[0, 50, 48, 49, 48, 46, 48, 49, 46, 50, 49, 50, 50, 50, 49, 48, 50, 47, 48, 48, 50],
"totalWorkingTimes":[0, 3109736, 2666801, 2573957, 2680474, 2513226, 2819322, 2671539, 2590421, 2703762, 2895849, 2741811, 2857236, 2833326, 2765686, 2694465, 2755673, 2598665, 2580752, 2661573, 2942678]}