	{"problemName":"R210_2.TXT",
"populationK":40,
"lsRunTime":70000,
"addFirstNeighborhoods":true,
"numHelperNeighborhoods":0,
"numRounds":20,
"numMappers":50,
"roundLengths":[0, 133961, 77773, 78069, 81160, 74933, 80963, 78842, 77601, 77944, 78090, 83043, 83050, 78800, 77125, 77835, 80153, 76515, 78569, 77745, 80464],
"bestSolCosts":[58170.52124441391, 36328.41608904068, 35913.04847345704, 35578.46126646468, 35344.2836797275, 35164.09137527003, 35142.85235953589, 35068.075670019636, 35007.896944627966, 34985.54678253216, 34910.68657475929, 34854.55228779905, 34824.96335676937, 34789.0682548016, 34713.82647956459, 34696.37423301104, 34658.36184345694, 34601.83788346832, 34600.39012929374, 34600.39012929374, 34600.39012929374],
"helperTimes":[0, 0, 20, 43, 38, 35, 50, 73, 26, 45, 169, 57, 79, 75, 37, 117, 46, 49, 97, 98, 87],
"regularTimes":[0, 59256, 42415, 56836, 55621, 47474, 56499, 55899, 51343, 57091, 56571, 56765, 58357, 55772, 56182, 56029, 55167, 54769, 55997, 55256, 51424],
"helperSuccessfuls":[0, 0, 0, 0, 0, 0, 0, 1, 0, 0, 1, 1, 0, 1, 0, 1, 0, 0, 0, 0, 0],
"helperTrieds":[0, 0, 1, 1, 1, 1, 1, 1, 1, 1, 1, 1, 1, 1, 1, 1, 1, 1, 1, 1, 1],
"regularSuccessfuls":[0, 1554, 47, 47, 32, 20, 16, 8, 8, 15, 12, 10, 10, 27, 17, 7, 6, 12, 2, 0, 0],
"regularTrieds":[0, 18136, 13412, 14201, 18871, 13737, 20405, 17903, 14957, 18420, 14705, 16269, 15742, 13995, 17079, 15456, 13505, 14139, 16313, 15795, 18776],
"helperImprovements":[0.0, 0.0, 0.0, 0.0, 0.0, 0.0, 0.0, 0.17730694517376833, 0.0, 0.0, 0.19606150278559653, 0.43865032350004185, 0.0, 3.1849921306566102, 0.0, 14.536909429501975, 0.0, 0.0, 0.0, 0.0, 0.0],
"regularImprovements":[0.0, 25533.45848058706, 415.3676155836365, 420.8960214714316, 234.17758673717617, 180.19230445747235, 154.37590325777273, 74.59938257108297, 60.178725391670014, 97.21036986866966, 74.66414627008635, 55.69563663673762, 29.588931029684318, 118.87363635234942, 75.24177523700928, 2.9153371240463457, 55.03203067865252, 56.5239599886263, 1.4477541745800409, 0.0, 0.0],
"numWorkings":[0, 50, 49, 49, 46, 47, 48, 50, 45, 50, 50, 50, 50, 49, 47, 49, 48, 50, 45, 48, 50],
"totalWorkingTimes":[0, 3059234, 2225671, 2810610, 2581000, 2349450, 2715064, 2825141, 2381856, 2865793, 2861826, 2874425, 2927989, 2758808, 2654052, 2772037, 2695227, 2748041, 2568372, 2705615, 2623396]}