	={"problemName":"R210_2.TXT",
"populationK":80,
"lsRunTime":70000,
"addFirstNeighborhoods":true,
"numHelperNeighborhoods":0,
"numRounds":20,
"numMappers":100,
"roundLengths":[0, 86856, 78105, 88910, 90085, 79065, 84032, 79623, 77469, 104148, 84218, 85916, 84039, 86821, 84529, 84369, 82362, 84662, 78950, 79560, 78438],
"bestSolCosts":[55130.05580010189, 36575.2862782923, 36164.327834499585, 35906.72548165714, 35693.47789543716, 35496.869100674005, 35344.36994101402, 35259.84897930473, 35166.42754854052, 35146.146683655475, 35063.96070362691, 35033.783121120054, 34991.81325561354, 34980.64319279012, 34933.992962860575, 34911.72375085055, 34911.00883827463, 34889.34657069068, 34886.3529646697, 34886.3529646697, 34882.87765146127],
"helperTimes":[0, 0, 20, 27, 25, 67, 48, 55, 31, 31, 49, 19, 27, 84, 23, 190, 26, 134, 107, 48, 52],
"regularTimes":[0, 62452, 56264, 58184, 46575, 53073, 57229, 53795, 51986, 57243, 54030, 53400, 56276, 53541, 53070, 54021, 46427, 52090, 54147, 55527, 57255],
"helperSuccessfuls":[0, 0, 0, 0, 0, 0, 0, 0, 1, 1, 0, 0, 1, 0, 0, 1, 0, 1, 1, 0, 0],
"helperTrieds":[0, 0, 1, 1, 1, 1, 1, 1, 1, 1, 1, 1, 1, 1, 1, 1, 1, 1, 1, 1, 1],
"regularSuccessfuls":[0, 1137, 43, 34, 33, 26, 33, 20, 15, 6, 16, 6, 15, 14, 14, 15, 2, 9, 9, 1, 5],
"regularTrieds":[0, 10057, 8780, 12091, 5602, 11306, 9985, 7129, 9315, 11852, 11571, 14082, 12908, 12113, 14214, 11654, 7699, 10898, 12495, 8968, 15969],
"helperImprovements":[0.0, 0.0, 0.0, 0.0, 0.0, 0.0, 0.0, 0.0, 0.4652380278275814, 0.24435509058093885, 0.0, 0.0, 0.24435509058093885, 0.0, 0.0, 2.8912429225092637, 0.0, 9.903290080656006, 9.903290080656006, 0.0, 0.0],
"regularImprovements":[0.0, 18554.76952180959, 410.9584437927115, 257.60235284244845, 213.24758621997898, 196.60879476315313, 152.49915965998662, 84.52096170929144, 92.95619273637567, 20.036509794466838, 148.14982934262662, 30.177582506854378, 41.72551041593397, 11.170062823417538, 46.650229929546185, 19.37796908751625, 22.98412458594248, 11.758977503297501, 11.758977503297501, 2.9936060209802235, 28.846099389280425],
"numWorkings":[0, 100, 99, 96, 98, 98, 100, 100, 94, 97, 97, 94, 99, 95, 99, 99, 91, 97, 92, 100, 98],
"totalWorkingTimes":[0, 6105929, 5604532, 5647008, 4948968, 5233983, 5744695, 5478868, 4956830, 5675872, 4994358, 5083690, 5550101, 5181687, 5299812, 5455418, 4350324, 5167849, 5045524, 5537609, 5660268]}