	/{"problemName":"R210_2.TXT",
"populationK":80,
"lsRunTime":70000,
"addFirstNeighborhoods":true,
"numHelperNeighborhoods":0,
"numRounds":20,
"numMappers":100,
"roundLengths":[0, 97722, 84117, 77953, 76954, 88932, 78196, 77627, 93657, 76936, 78209, 79905, 85039, 78821, 78112, 79983, 80010, 79520, 77106, 79680, 78587],
"bestSolCosts":[57209.598615108014, 36914.71876756203, 35767.68476241268, 35552.21305246292, 35362.25723457582, 35232.63037757208, 35181.780389218584, 35094.820090008565, 35029.266140084685, 35022.759660873126, 34978.26714516127, 34928.051862479086, 34851.874251745336, 34848.81520577279, 34803.97954742587, 34782.38830962375, 34757.73635183377, 34617.26021306568, 34466.02682436822, 34372.67588394315, 34348.64537850922],
"helperTimes":[0, 0, 16, 39, 51, 48, 29, 66, 111, 53, 60, 431, 161, 51, 49, 40, 68, 56, 69, 47, 43],
"regularTimes":[0, 60472, 55709, 55879, 53894, 55693, 54845, 56038, 75449, 53980, 51731, 53174, 55320, 54483, 50672, 54324, 54307, 53715, 55277, 56920, 55919],
"helperSuccessfuls":[0, 0, 0, 0, 0, 0, 0, 1, 0, 0, 0, 1, 1, 0, 0, 0, 0, 0, 1, 0, 0],
"helperTrieds":[0, 0, 1, 1, 1, 1, 1, 1, 1, 1, 1, 1, 1, 1, 1, 1, 1, 1, 1, 1, 1],
"regularSuccessfuls":[0, 1631, 137, 42, 49, 27, 13, 11, 10, 4, 8, 12, 11, 2, 9, 6, 12, 16, 20, 19, 18],
"regularTrieds":[0, 13760, 10241, 8461, 11411, 11154, 9179, 12645, 11251, 15717, 12952, 14693, 12567, 15955, 14296, 15725, 14486, 13638, 18630, 18336, 18520],
"helperImprovements":[0.0, 0.0, 0.0, 0.0, 0.0, 0.0, 0.0, 1.1490551130191307, 0.0, 0.0, 0.0, 14.822457718146325, 1.3062276870768983, 0.0, 0.0, 0.0, 0.0, 0.0, 15.721436876105145, 0.0, 0.0],
"regularImprovements":[0.0, 25610.770509287206, 1147.0340051493476, 215.47170994976477, 412.2240561193321, 129.62685700374277, 50.84998835349688, 103.08864134141186, 65.55394992388028, 6.5064792115590535, 44.49251571185596, 71.21909122056968, 74.87138304667315, 3.0590459725426626, 47.894704319463926, 21.591237802123942, 24.651957789974404, 140.47613876809191, 135.51195182135416, 93.35094042507262, 96.19030950481101],
"numWorkings":[0, 97, 99, 98, 98, 99, 100, 100, 95, 98, 100, 98, 100, 97, 93, 100, 99, 100, 100, 100, 100],
"totalWorkingTimes":[0, 5923112, 5549512, 5521379, 5411780, 5563855, 5560066, 5648593, 5482398, 5296756, 5408090, 5380098, 5576963, 5298976, 4788976, 5502018, 5376875, 5361814, 5563154, 5706056, 5652780]}