è{"problemName":"rc110_1.txt",
"populationK":1,
"lsRunTime":140000,
"addFirstNeighborhoods":true,
"numHelperNeighborhoods":0,
"numRounds":11,
"numMappers":500,
"roundLengths":[0, 167461, 155784, 153924, 161942, 157992, 163969, 160960, 170120, 159663, 154685, 155804],
"bestSolCosts":[68540.75053492858, 49335.809566716736, 48562.87678281827, 48261.18187082927, 48076.46316083853, 47985.38041104419, 47863.8283949731, 47821.914505279216, 47757.89077126159, 47673.81134329713, 47637.550926869844, 47516.25078967622],
"helperTimes":[0, 0, 14, 29, 41, 64, 38, 21, 24, 24, 47, 15],
"regularTimes":[0, 129342, 128017, 125427, 124751, 120062, 121911, 127080, 124475, 124003, 127007, 126118],
"helperSuccessfuls":[0, 0, 0, 0, 0, 0, 0, 0, 0, 0, 1, 0],
"helperTrieds":[0, 0, 1, 1, 1, 1, 1, 1, 1, 1, 1, 1],
"regularSuccessfuls":[0, 1486, 83, 45, 28, 41, 34, 14, 19, 20, 10, 20],
"regularTrieds":[0, 11387, 11517, 11050, 16844, 13439, 13947, 24055, 16223, 19515, 13241, 13143],
"helperImprovements":[0.0, 0.0, 0.0, 0.0, 0.0, 0.0, 0.0, 0.0, 0.0, 0.0, 0.6421651092532557, 0.0],
"regularImprovements":[0.0, 25830.718921188323, 772.9327838984682, 301.6949119889978, 184.71870999073872, 91.08274979433918, 121.55201607109484, 41.91388969388208, 64.02373401762452, 84.0794279644615, 35.61825131803198, 121.30013719362614],
"numWorkings":[0, 500, 500, 500, 500, 500, 500, 499, 499, 497, 496, 500],
"totalWorkingTimes":[0, 64927043, 63307617, 62043223, 61828057, 61346888, 61833336, 62511858, 61640018, 62102049, 62928289, 62463353]}