{"problemName":"rc110_1.txt",
"populationK":1,
"lsRunTime":140000,
"addFirstNeighborhoods":true,
"numHelperNeighborhoods":0,
"numRounds":11,
"numMappers":500,
"roundLengths":[0, 176792, 154788, 160080, 154012, 151824, 178036, 151207, 151218, 159679, 148666, 149731],
"bestSolCosts":[67944.43498309211, 49477.477390928274, 48633.35653886511, 48119.473234191435, 47906.237477249546, 47738.89629383137, 47668.52052641465, 47574.39989944818, 47492.831412628824, 47467.80283849145, 47436.157334218056, 47384.627341530126],
"helperTimes":[0, 0, 39, 54, 111, 134, 35, 75, 748, 135, 33, 476],
"regularTimes":[0, 157059, 122266, 120789, 118277, 120643, 126656, 115740, 121395, 120963, 119057, 127622],
"helperSuccessfuls":[0, 0, 0, 0, 0, 0, 0, 0, 1, 1, 0, 0],
"helperTrieds":[0, 0, 1, 1, 1, 1, 1, 1, 1, 1, 1, 1],
"regularSuccessfuls":[0, 1610, 205, 109, 54, 41, 26, 14, 20, 2, 14, 18],
"regularTrieds":[0, 12083, 7678, 12801, 15129, 14057, 16795, 17081, 15557, 18279, 13190, 19261],
"helperImprovements":[0.0, 0.0, 0.0, 0.0, 0.0, 0.0, 0.0, 0.0, 6.8125011426527635, 1.4405919309792807, 0.0, 0.0],
"regularImprovements":[0.0, 25137.551807197284, 844.1208520631626, 513.8833046736763, 213.23575694188912, 167.3411834181752, 70.37576741672092, 94.12062696646899, 74.75598567670386, 23.587982206394372, 31.64550427339418, 51.529992687930644],
"numWorkings":[0, 500, 500, 492, 500, 492, 495, 495, 500, 500, 500, 500],
"totalWorkingTimes":[0, 64483947, 61914824, 60572859, 60044578, 60737483, 61597960, 60378204, 61520650, 61603438, 60862932, 61929213]}