	7{"problemName":"rc110_1.txt",
"populationK":7,
"lsRunTime":70000,
"addFirstNeighborhoods":true,
"numHelperNeighborhoods":0,
"numRounds":20,
"numMappers":100,
"roundLengths":[0, 89201, 85716, 85850, 85404, 79992, 79694, 80623, 77810, 84834, 79268, 80042, 83966, 77008, 79712, 76034, 84344, 85684, 77231, 84791, 76935],
"bestSolCosts":[70528.0659449006, 50052.35831441215, 49578.506212177774, 49152.24590054697, 48765.301053313146, 48611.12236105656, 48280.01091198611, 48213.040860057554, 48142.01079656125, 48106.60591112648, 48056.280965883365, 48022.745060181674, 47946.3109272473, 47901.48493847235, 47854.59412072917, 47835.392118572425, 47799.36576190408, 47750.588878562354, 47710.422217291365, 47661.17977601406, 47605.832693002776],
"helperTimes":[0, 0, 56, 28, 52, 37, 147, 22, 49, 50, 41, 31, 76, 49, 199, 113, 78, 35, 59, 56, 117],
"regularTimes":[0, 59337, 53252, 57823, 54809, 50317, 52342, 56637, 52978, 49809, 52603, 53487, 57529, 51211, 54667, 53496, 53563, 50140, 54026, 46619, 51064],
"helperSuccessfuls":[0, 0, 0, 0, 0, 0, 0, 0, 0, 1, 1, 1, 0, 1, 1, 0, 0, 1, 0, 0, 0],
"helperTrieds":[0, 0, 1, 1, 1, 1, 1, 1, 1, 1, 1, 1, 1, 1, 1, 1, 1, 1, 1, 1, 1],
"regularSuccessfuls":[0, 1386, 142, 61, 67, 37, 66, 26, 19, 15, 15, 13, 16, 10, 7, 15, 9, 11, 8, 19, 17],
"regularTrieds":[0, 7171, 5024, 4318, 8212, 7882, 9777, 8251, 9184, 6982, 8759, 8224, 6846, 10947, 5638, 6016, 7966, 5396, 7075, 5825, 6004],
"helperImprovements":[0.0, 0.0, 0.0, 0.0, 0.0, 0.0, 0.0, 0.0, 0.0, 8.519658201606944, 7.2098361730750185, 0.2775955142569728, 0.0, 5.532970817032037, 0.08632085468707373, 0.0, 0.0, 2.0597668805494322, 0.0, 0.0, 0.0],
"regularImprovements":[0.0, 25250.2507166351, 1048.380876144016, 460.03677845956554, 391.08278209064156, 154.17869225658796, 391.09907398008363, 103.67579712381848, 71.03006349630596, 72.22072854848375, 43.11510907003685, 33.25831018743338, 91.92918283820472, 39.2930179579198, 46.804496888493304, 51.30776149956364, 49.04270302871009, 46.72015291894786, 61.732681922738266, 67.37945102845697, 66.51062397126952],
"numWorkings":[0, 99, 100, 100, 100, 92, 98, 99, 97, 96, 100, 100, 100, 99, 100, 93, 99, 100, 97, 95, 100],
"totalWorkingTimes":[0, 5959518, 4873620, 5320177, 5225025, 4710143, 5204412, 5559785, 5039042, 4870418, 5279025, 5355128, 5510133, 5124909, 4399816, 5084946, 4459531, 5147500, 4539234, 4424116, 5256761]}