	 {"problemName":"rc110_1.txt",
"populationK":1,
"lsRunTime":70000,
"addFirstNeighborhoods":true,
"numHelperNeighborhoods":0,
"numRounds":20,
"numMappers":200,
"roundLengths":[0, 94095, 94060, 89649, 147774, 130812, 101585, 105609, 90543, 141827, 110090, 92646, 85632, 111599, 94386, 113647, 90592, 83509, 79481, 80495, 79554],
"bestSolCosts":[68300.90976638267, 50335.353207333574, 49567.09958930667, 49373.818922810526, 49151.492233770085, 48907.144861664965, 48785.79571844422, 48596.301795970205, 48460.13663789432, 48317.38999375175, 48190.649120572394, 48146.48105727675, 48098.220562254384, 48006.79375312416, 47880.534220950954, 47850.887076822575, 47825.94595966808, 47798.57806543911, 47741.90269207381, 47684.195308136696, 47651.8490366169],
"helperTimes":[0, 0, 24, 49, 33, 22, 95, 37, 43, 41, 34, 88, 42, 34, 20, 52, 32, 69, 18, 19, 22],
"regularTimes":[0, 59887, 54667, 49746, 79573, 55091, 53179, 54121, 56791, 50526, 54413, 49433, 48904, 55641, 53291, 59985, 50763, 53817, 59135, 57435, 60081],
"helperSuccessfuls":[0, 0, 0, 0, 0, 0, 0, 1, 0, 1, 0, 0, 0, 0, 0, 0, 0, 0, 0, 0, 0],
"helperTrieds":[0, 0, 1, 1, 1, 1, 1, 1, 1, 1, 1, 1, 1, 1, 1, 1, 1, 1, 1, 1, 1],
"regularSuccessfuls":[0, 1427, 122, 50, 37, 59, 29, 28, 25, 14, 23, 10, 8, 9, 18, 7, 9, 10, 11, 10, 4],
"regularTrieds":[0, 9645, 3100, 1793, 5747, 3267, 3701, 2967, 3976, 3773, 4413, 3867, 5365, 3513, 6210, 4449, 3801, 8199, 8503, 9633, 10937],
"helperImprovements":[0.0, 0.0, 0.0, 0.0, 0.0, 0.0, 0.0, 1.376813440103433, 0.0, 1.1672092596127186, 0.0, 0.0, 0.0, 0.0, 0.0, 0.0, 0.0, 0.0, 0.0, 0.0, 0.0],
"regularImprovements":[0.0, 27612.41251923552, 768.2536180269017, 193.2806664961463, 222.32668904044112, 244.34737210511958, 121.34914322074474, 188.11710903391213, 136.1651580758844, 141.5794348829586, 126.74087317935482, 44.16806329564133, 48.26049502236856, 91.42680913022195, 126.25953217320784, 29.647144128379296, 24.94111715449253, 27.367894228969817, 56.67537336530222, 57.70738393711508, 32.346271519796574],
"numWorkings":[0, 200, 200, 200, 196, 200, 194, 200, 199, 200, 200, 200, 196, 197, 199, 195, 197, 197, 200, 198, 194],
"totalWorkingTimes":[0, 12262750, 11071981, 9965526, 12192413, 11713479, 10735247, 11091811, 11043361, 10225554, 11128125, 10053240, 9516813, 10999682, 10718978, 10467856, 10160800, 10676682, 11789048, 11426547, 11375494]}