	1{"problemName":"rc110_1.txt",
"populationK":1,
"lsRunTime":70000,
"addFirstNeighborhoods":true,
"numHelperNeighborhoods":0,
"numRounds":20,
"numMappers":200,
"roundLengths":[0, 89929, 86405, 100692, 84112, 86970, 82559, 79582, 82557, 86209, 78787, 76625, 84605, 81214, 82053, 82510, 77538, 81019, 76796, 77673, 77500],
"bestSolCosts":[68614.73558039403, 49651.3959555877, 48969.90867706222, 48714.71686469339, 48430.881085461006, 48323.38127219624, 48249.58624840745, 48210.180444729165, 48148.58558813643, 48116.261885159525, 48095.401457677755, 48078.56562621594, 48044.241375842976, 48003.68263385684, 47987.61650919413, 47938.45066804829, 47865.235580659675, 47831.339025916284, 47719.42055456919, 47685.915607042436, 47659.24116419622],
"helperTimes":[0, 0, 20, 62, 24, 19, 26, 33, 55, 66, 29, 289, 248, 57, 36, 71, 100, 92, 45, 42, 36],
"regularTimes":[0, 60061, 57176, 52541, 54198, 53252, 57618, 47918, 57236, 50403, 49121, 51978, 57897, 52834, 49825, 50697, 53531, 52208, 52779, 54687, 55200],
"helperSuccessfuls":[0, 0, 0, 0, 0, 0, 0, 0, 0, 0, 0, 1, 0, 0, 0, 0, 1, 0, 1, 1, 0],
"helperTrieds":[0, 0, 1, 1, 1, 1, 1, 1, 1, 1, 1, 1, 1, 1, 1, 1, 1, 1, 1, 1, 1],
"regularSuccessfuls":[0, 1467, 107, 67, 52, 29, 24, 6, 42, 16, 6, 6, 16, 9, 3, 9, 5, 10, 16, 7, 8],
"regularTrieds":[0, 9155, 9336, 2644, 4280, 5335, 7458, 6602, 4312, 7664, 11035, 10888, 7233, 7971, 6460, 8566, 7878, 11013, 6322, 9743, 7995],
"helperImprovements":[0.0, 0.0, 0.0, 0.0, 0.0, 0.0, 0.0, 0.0, 0.0, 0.0, 0.0, 0.09127770941267954, 0.0, 0.0, 0.0, 0.0, 0.05577404647192452, 0.0, 0.45812913205008954, 0.979122297707363, 0.0],
"regularImprovements":[0.0, 27853.876646052122, 681.4872785254774, 255.19181236883014, 283.8357792323877, 107.499813264767, 73.79502378878533, 39.405803678288066, 61.59485659273196, 32.32370297690795, 20.860427481769875, 16.74455375240359, 34.324250372963434, 40.5587419861331, 16.066124662713264, 49.165841145841114, 73.1593133421411, 33.89655474339088, 111.4603422150467, 32.52582522904413, 26.67444284621888],
"numWorkings":[0, 200, 200, 200, 193, 200, 199, 197, 197, 189, 190, 194, 194, 200, 195, 197, 194, 184, 200, 200, 190],
"totalWorkingTimes":[0, 12105495, 11321706, 10679406, 10450524, 10557528, 11443025, 9318677, 11062240, 9646805, 9261291, 10194480, 11364324, 10479088, 9953252, 10038659, 10365329, 9720709, 10475577, 10835030, 10493749]}