Ä{"problemName":"rc110_1.txt",
"populationK":100,
"lsRunTime":70000,
"addFirstNeighborhoods":true,
"numHelperNeighborhoods":0,
"numRounds":20,
"numMappers":100,
"roundLengths":[0, 92141, 100872, 85592, 92688, 91090, 77155, 83617, 84991, 93628, 83786, 82665, 110796, 90206, 85772, 95698, 80609, 92686, 115693, 77301, 155782],
"bestSolCosts":[69304.21522667237, 49926.37904906127, 49639.634939057825, 49360.92990671553, 49199.47751375634, 49036.440055183986, 48798.21023448034, 48784.498566422895, 48685.45613586952, 48552.26157471807, 48472.918050735694, 48444.43777705415, 48425.99006505549, 48424.227561382795, 48424.227561382795, 48373.49061952511, 48362.17406509156, 48361.256237581765, 48361.256237581765, 48341.594753674406, 48295.97054069696],
"helperTimes":[0, 0, 21, 19, 29, 37, 23, 26, 17, 23, 26, 77, 21, 19, 17, 37, 24, 82, 31, 24, 34],
"regularTimes":[0, 62321, 58341, 55495, 57407, 52239, 54524, 54871, 60455, 60373, 57660, 60739, 59917, 61274, 58127, 56753, 58871, 55688, 56754, 54236, 58403],
"helperSuccessfuls":[0, 0, 0, 0, 0, 0, 0, 0, 0, 0, 0, 0, 0, 0, 0, 0, 0, 0, 0, 0, 0],
"helperTrieds":[0, 0, 1, 1, 1, 1, 1, 1, 1, 1, 1, 1, 1, 1, 1, 1, 1, 1, 1, 1, 1],
"regularSuccessfuls":[0, 1534, 68, 116, 51, 45, 49, 55, 15, 12, 11, 7, 4, 1, 0, 2, 6, 1, 0, 10, 28],
"regularTrieds":[0, 10022, 1373, 2944, 5253, 6245, 8450, 5003, 8565, 9167, 6066, 8849, 7726, 10434, 8983, 7041, 9716, 10448, 8287, 7865, 7116],
"helperImprovements":[0.0, 0.0, 0.0, 0.0, 0.0, 0.0, 0.0, 0.0, 0.0, 0.0, 0.0, 0.0, 0.0, 0.0, 0.0, 0.0, 0.0, 0.0, 0.0, 0.0, 0.0],
"regularImprovements":[0.0, 24311.813349654032, 370.53218614637444, 690.123674871822, 161.45239295918873, 163.0374585723548, 238.22982070364378, 286.19957712727773, 99.04243055337429, 133.19456115145294, 79.34352398237388, 28.48027368154726, 18.447711998654995, 1.7625036726967664, 0.0, 50.73694185768545, 11.316554433549754, 0.9178275097947335, 0.0, 19.66148390735907, 157.58907968635322],
"numWorkings":[0, 100, 100, 98, 15, 100, 97, 96, 99, 96, 98, 96, 100, 100, 98, 95, 99, 98, 96, 98, 97],
"totalWorkingTimes":[0, 6314840, 5992322, 5502759, 1990563, 4932625, 4967514, 5269375, 5706731, 5672284, 5310391, 4515163, 5858246, 5075615, 5559716, 5477871, 5163627, 5244761, 5315421, 5391070, 5763282]}