ý{"problemName":"rc110_1.txt",
"populationK":10,
"lsRunTime":70000,
"addFirstNeighborhoods":true,
"numHelperNeighborhoods":0,
"numRounds":20,
"numMappers":100,
"roundLengths":[0, 139157, 88235, 81421, 87866, 82941, 92829, 82772, 84934, 80046, 81045, 85978, 78002, 79449, 79938, 80397, 83662, 82884, 77844, 76736, 78609],
"bestSolCosts":[69787.9562145648, 49901.074297131694, 49425.08146462463, 49071.62766354806, 48879.9298284251, 48720.11497749822, 48623.52740743876, 48526.394560758185, 48438.73472440184, 48343.76093344299, 48298.23176770612, 48180.23403596517, 48148.53387346138, 48141.494809281736, 48121.77780774889, 48071.34857069898, 48047.780868871116, 48029.63176650546, 48005.65530121576, 47989.139146449765, 47965.44669192315],
"helperTimes":[0, 0, 24, 28, 24, 34, 73, 97, 21, 30, 27, 100, 62, 49, 115, 67, 25, 48, 48, 98, 16],
"regularTimes":[0, 61287, 56241, 57481, 59441, 53914, 53018, 54133, 55096, 56562, 55929, 50253, 50404, 48263, 56638, 51131, 55655, 46961, 42326, 53451, 56876],
"helperSuccessfuls":[0, 0, 0, 0, 0, 0, 0, 0, 0, 0, 0, 0, 0, 1, 0, 0, 0, 1, 0, 0, 0],
"helperTrieds":[0, 0, 1, 1, 1, 1, 1, 1, 1, 1, 1, 1, 1, 1, 1, 1, 1, 1, 1, 1, 1],
"regularSuccessfuls":[0, 1382, 144, 71, 70, 27, 10, 17, 37, 25, 12, 8, 9, 12, 8, 12, 6, 7, 6, 17, 15],
"regularTrieds":[0, 7791, 3426, 4716, 10837, 6516, 6845, 9050, 9107, 11094, 9017, 7768, 7508, 6831, 8701, 6643, 8385, 9038, 5201, 9420, 14600],
"helperImprovements":[0.0, 0.0, 0.0, 0.0, 0.0, 0.0, 0.0, 0.0, 0.0, 0.0, 0.0, 0.0, 0.0, 4.9107630862199585, 0.0, 0.0, 0.0, 12.321905708813574, 0.0, 0.0, 0.0],
"regularImprovements":[0.0, 23996.293515366182, 700.671695459685, 420.38031902831426, 367.2237256260487, 168.13392517851753, 96.58757005945517, 120.86562568564841, 115.15136832948338, 95.67423113428958, 45.52916573686525, 126.0020111287813, 31.700162503788306, 27.878682728784042, 19.717001532844733, 60.58562113952212, 23.567701827865676, 26.136050382308895, 23.976465289699263, 39.114251615385, 33.132802418585925],
"numWorkings":[0, 100, 100, 98, 98, 99, 100, 96, 98, 99, 97, 100, 98, 100, 100, 100, 100, 100, 100, 95, 100],
"totalWorkingTimes":[0, 6294691, 5627481, 5209373, 5153681, 5305175, 5333074, 5291683, 5398559, 5566080, 5427567, 5187465, 4931933, 4858019, 5458779, 5266511, 5408599, 4164762, 4500962, 5105959, 5713263]}