Þ{"problemName":"rc110_1.txt",
"populationK":100,
"lsRunTime":70000,
"addFirstNeighborhoods":true,
"numHelperNeighborhoods":0,
"numRounds":20,
"numMappers":100,
"roundLengths":[0, 105927, 111975, 87865, 80591, 120007, 80629, 80836, 77669, 78762, 107915, 85823, 131220, 96800, 79635, 84892, 81416, 83623, 81322, 84873, 83609],
"bestSolCosts":[69106.23404199157, 49801.85693043635, 49412.70189693296, 49301.10403419, 49057.65078224499, 48926.27933647382, 48861.04289333373, 48817.393623094446, 48704.73663228775, 48693.661919929735, 48689.742117886344, 48685.00722892818, 48684.01739061455, 48674.43934749675, 48566.96714892306, 48563.63033782827, 48544.88196093075, 48544.31713892964, 48510.904704160675, 48510.12453141249, 48478.826048025425],
"helperTimes":[0, 0, 21, 34, 447, 23, 41, 16, 25, 21, 48, 32, 45, 17, 27, 28, 20, 31, 60, 34, 32],
"regularTimes":[0, 64190, 55428, 53336, 49992, 58350, 58121, 58113, 59191, 55812, 54820, 58062, 55041, 57764, 60376, 59601, 57011, 57421, 58285, 54385, 55662],
"helperSuccessfuls":[0, 0, 0, 0, 0, 0, 0, 0, 0, 0, 0, 0, 0, 0, 0, 0, 0, 0, 0, 0, 0],
"helperTrieds":[0, 0, 1, 1, 1, 1, 1, 1, 1, 1, 1, 1, 1, 1, 1, 1, 1, 1, 1, 1, 1],
"regularSuccessfuls":[0, 1431, 66, 54, 33, 31, 16, 19, 19, 7, 3, 4, 3, 2, 31, 5, 38, 2, 15, 2, 6],
"regularTrieds":[0, 9144, 1328, 4811, 5354, 6473, 5769, 6298, 8062, 8574, 5626, 7381, 10221, 4781, 8217, 8386, 3537, 8197, 2849, 7520, 7479],
"helperImprovements":[0.0, 0.0, 0.0, 0.0, 0.0, 0.0, 0.0, 0.0, 0.0, 0.0, 0.0, 0.0, 0.0, 0.0, 0.0, 0.0, 0.0, 0.0, 0.0, 0.0, 0.0],
"regularImprovements":[0.0, 23086.677711175915, 389.15503350338986, 242.43153004309715, 243.45325194500765, 131.3714457711758, 65.23644314008561, 43.649270239286125, 112.65699080669583, 11.07471235801495, 3.9198020433905185, 4.734888958162628, 0.9898383136314806, 9.578043117799098, 107.47219857369055, 3.3368110947922105, 126.52945513741724, 0.5648220011062222, 33.412434768964886, 0.7801727481855778, 31.298483387065062],
"numWorkings":[0, 100, 100, 96, 98, 96, 95, 100, 93, 97, 100, 98, 100, 98, 99, 95, 96, 100, 99, 96, 100],
"totalWorkingTimes":[0, 6321314, 5091943, 5211885, 5152444, 4837134, 5413239, 5379365, 4153734, 5204017, 5261391, 5449930, 4728984, 5454193, 5767861, 5527771, 5505898, 5505252, 5403500, 5034762, 5318657]}