¼{"problemName":"rc110_1.txt",
"populationK":100,
"lsRunTime":70000,
"addFirstNeighborhoods":true,
"numHelperNeighborhoods":0,
"numRounds":20,
"numMappers":100,
"roundLengths":[0, 82883, 87076, 85584, 84671, 154812, 131739, 81377, 80856, 84716, 88624, 100256, 92669, 80683, 90688, 84868, 111478, 80603, 90346, 92634, 80622],
"bestSolCosts":[70137.93318730335, 49761.351628779885, 49487.98896293506, 49214.22081892304, 49146.05032857319, 49120.50610848676, 49073.08296595971, 48955.517485706914, 48919.695895810306, 48795.74356654648, 48788.719818297606, 48773.015877129954, 48722.630276787015, 48722.630276787015, 48720.953950421535, 48703.0506019907, 48703.0506019907, 48684.439156622815, 48669.462256431914, 48669.462256431914, 48662.05008165414],
"helperTimes":[0, 0, 37, 28, 24, 68, 17, 31, 27, 62, 20, 29, 21, 26, 26, 38, 98, 35, 29, 80, 23],
"regularTimes":[0, 62579, 58831, 60044, 58017, 58879, 55845, 50023, 56087, 56063, 57716, 60060, 59613, 58856, 53788, 57901, 52164, 45654, 54111, 54115, 58924],
"helperSuccessfuls":[0, 0, 0, 0, 0, 0, 0, 0, 0, 0, 0, 0, 0, 0, 0, 0, 0, 0, 0, 0, 0],
"helperTrieds":[0, 0, 1, 1, 1, 1, 1, 1, 1, 1, 1, 1, 1, 1, 1, 1, 1, 1, 1, 1, 1],
"regularSuccessfuls":[0, 1447, 69, 70, 31, 9, 48, 25, 8, 16, 5, 5, 14, 0, 2, 6, 0, 10, 9, 0, 46],
"regularTrieds":[0, 10731, 674, 3947, 10131, 11389, 5355, 10475, 10261, 6933, 10973, 10561, 9312, 8907, 14205, 12893, 12974, 5242, 11088, 13032, 8280],
"helperImprovements":[0.0, 0.0, 0.0, 0.0, 0.0, 0.0, 0.0, 0.0, 0.0, 0.0, 0.0, 0.0, 0.0, 0.0, 0.0, 0.0, 0.0, 0.0, 0.0, 0.0, 0.0],
"regularImprovements":[0.0, 23054.03298220187, 273.36266584482655, 273.76814401202137, 68.17049034984666, 25.54422008642723, 221.06832431127987, 120.10067325147247, 35.8215898966082, 123.95232926382596, 7.023748248873744, 15.703941167652374, 50.38560034293914, 0.0, 1.6763263654793263, 17.903348430838378, 0.0, 18.61144536788197, 14.976900190900778, 0.0, 150.3986028513391],
"numWorkings":[0, 100, 100, 100, 96, 98, 100, 98, 98, 92, 96, 95, 100, 98, 99, 100, 93, 100, 96, 99, 100],
"totalWorkingTimes":[0, 6278088, 5640835, 5763347, 5460072, 5565898, 5678905, 4939610, 5122002, 4576461, 4785791, 5431033, 5188898, 5634356, 5310988, 4945905, 5005636, 4712295, 5251789, 5623025, 5918516]}