	l{"problemName":"rc110_1.txt",
"populationK":100,
"lsRunTime":70000,
"addFirstNeighborhoods":true,
"numHelperNeighborhoods":0,
"numRounds":20,
"numMappers":200,
"roundLengths":[0, 90698, 76769, 76960, 79685, 84054, 76741, 86642, 78616, 82961, 80742, 82799, 81693, 77691, 88018, 76749, 79635, 82889, 80411, 83631, 80313],
"bestSolCosts":[68222.3415858473, 50039.047986280515, 49305.47263639735, 48971.58677548102, 48750.273311284436, 48625.170282473315, 48477.05681346163, 48421.36353270193, 48363.80154544644, 48335.66038846447, 48287.65190040082, 48247.13719337034, 48209.94778986237, 48182.93078789621, 48164.495234712136, 48152.17684087733, 48122.503452463265, 48094.56118893508, 48061.08153009673, 48049.598262696134, 48036.13058184051],
"helperTimes":[0, 0, 36, 18, 22, 25, 22, 25, 25, 36, 94, 69, 29, 28, 44, 33, 49, 36, 206, 36, 26],
"regularTimes":[0, 61584, 52949, 57336, 46898, 61252, 52786, 58085, 56578, 50086, 50844, 53380, 49735, 52635, 57588, 56455, 53268, 55370, 54321, 47686, 52881],
"helperSuccessfuls":[0, 0, 0, 0, 0, 0, 0, 0, 0, 1, 0, 1, 0, 1, 0, 1, 0, 1, 1, 1, 0],
"helperTrieds":[0, 0, 1, 1, 1, 1, 1, 1, 1, 1, 1, 1, 1, 1, 1, 1, 1, 1, 1, 1, 1],
"regularSuccessfuls":[0, 1358, 122, 56, 39, 22, 39, 21, 15, 9, 14, 17, 7, 4, 9, 11, 11, 9, 17, 8, 8],
"regularTrieds":[0, 6998, 2827, 5671, 5294, 9208, 7324, 13311, 10854, 10217, 5223, 10868, 9940, 12188, 8259, 7858, 8941, 12287, 10717, 10034, 9691],
"helperImprovements":[0.0, 0.0, 0.0, 0.0, 0.0, 0.0, 0.0, 0.0, 0.0, 2.4913015075362637, 0.0, 0.2775955142569728, 0.0, 5.906463249797525, 0.0, 1.8572878494524048, 0.0, 0.12145854401023826, 7.036186282435665, 7.714833150028426, 0.0],
"regularImprovements":[0.0, 25794.106118053976, 733.5753498831618, 333.88586091633624, 221.31346419658075, 125.10302881112148, 148.11346901168145, 55.693280759704066, 57.56198725548893, 25.649855474432115, 48.008488063649565, 40.237111516224104, 37.189403507967654, 21.1105387163625, 18.707558093541593, 10.461105985355971, 29.673388414063083, 27.820804984177812, 26.443472555911285, 20.296898190317734, 13.467680855625076],
"numWorkings":[0, 195, 200, 194, 198, 196, 200, 200, 194, 200, 200, 197, 200, 199, 197, 186, 195, 200, 200, 197, 200],
"totalWorkingTimes":[0, 12104077, 10681859, 11114978, 9783449, 9785013, 10654907, 11624542, 10973509, 10093814, 10445461, 10712968, 10026622, 10546496, 11367107, 10459867, 10611667, 11240015, 10855677, 9329385, 10722794]}