	h{"problemName":"rc110_1.txt",
"populationK":100,
"lsRunTime":70000,
"addFirstNeighborhoods":true,
"numHelperNeighborhoods":0,
"numRounds":20,
"numMappers":200,
"roundLengths":[0, 89690, 92987, 85794, 80739, 82840, 82317, 81688, 74888, 80603, 86637, 80813, 79654, 81249, 82602, 95696, 79345, 95645, 77794, 85689, 88132],
"bestSolCosts":[69028.5738429731, 49875.568181043345, 49044.62327865411, 48550.12675895545, 48377.01459750589, 48109.0480927792, 47936.24223145317, 47857.647079750255, 47805.16439133034, 47763.77465254805, 47704.3484962285, 47679.86478091967, 47648.214611001385, 47635.96029529978, 47621.070560412016, 47598.82311620444, 47575.90946910108, 47557.78099802451, 47537.566674300004, 47516.95915332726, 47503.655261733],
"helperTimes":[0, 0, 26, 30, 68, 43, 47, 95, 107, 51, 27, 38, 58, 42, 90, 68, 78, 84, 84, 48, 24],
"regularTimes":[0, 61298, 54297, 53982, 52829, 51942, 51508, 52174, 49161, 36826, 55189, 41673, 57289, 53713, 57634, 46631, 56059, 55777, 48121, 54384, 51387],
"helperSuccessfuls":[0, 0, 0, 0, 0, 0, 1, 0, 0, 0, 0, 1, 1, 0, 1, 1, 1, 0, 1, 0, 1],
"helperTrieds":[0, 0, 1, 1, 1, 1, 1, 1, 1, 1, 1, 1, 1, 1, 1, 1, 1, 1, 1, 1, 1],
"regularSuccessfuls":[0, 1631, 123, 90, 60, 59, 38, 13, 11, 15, 14, 12, 13, 3, 5, 7, 11, 6, 7, 5, 2],
"regularTrieds":[0, 7324, 3259, 6951, 5442, 2793, 9911, 7823, 6077, 5112, 7296, 5938, 7499, 12023, 9101, 7495, 10083, 10109, 8398, 8422, 8285],
"helperImprovements":[0.0, 0.0, 0.0, 0.0, 0.0, 0.0, 0.5955371234013, 0.0, 0.0, 0.0, 0.0, 0.6727410280000186, 0.1592870303284144, 0.0, 0.9557316742575495, 0.2287387683900306, 2.029508755877032, 0.0, 0.7271437478193548, 0.0, 3.691305638232734],
"regularImprovements":[0.0, 37513.06472006488, 830.9449023892375, 494.49651969865954, 173.11216144955688, 267.9665047266899, 230.13065821096097, 78.59515170291706, 52.48268841991376, 41.389738782294444, 59.42615631954686, 23.810974280830123, 31.490882887956104, 12.254315701604355, 13.934003213507822, 22.018705439186306, 42.39677686696814, 18.128471076575806, 19.487179976684274, 20.60752097274235, 9.612585956027033],
"numWorkings":[0, 200, 200, 199, 198, 198, 200, 198, 200, 200, 190, 193, 200, 200, 198, 200, 198, 198, 196, 195, 200],
"totalWorkingTimes":[0, 12370919, 10991657, 10798760, 10704328, 10382960, 10360858, 10368632, 10096224, 7857411, 10487121, 8605234, 11422087, 10763863, 10875005, 9540691, 11139119, 10939477, 9474771, 10836922, 10336436]}