	{"problemName":"rc110_1.txt",
"populationK":100,
"lsRunTime":70000,
"addFirstNeighborhoods":true,
"numHelperNeighborhoods":0,
"numRounds":20,
"numMappers":200,
"roundLengths":[0, 108827, 85575, 87705, 95079, 83763, 79632, 94388, 82635, 87640, 87729, 88747, 86269, 89963, 93009, 85741, 126127, 93849, 109167, 77841, 84588],
"bestSolCosts":[68786.36184211305, 50436.03435630083, 49977.861364578064, 49645.583975695605, 49404.43423501886, 49038.11521294749, 48908.44676394107, 48744.41630702101, 48630.89902960823, 48558.909683327125, 48467.09449361034, 48385.57442264129, 48232.65898596982, 48036.91034850077, 47914.3792123232, 47876.53632541137, 47836.201841237846, 47813.98861277536, 47781.78384059322, 47760.12824315383, 47715.299879966995],
"helperTimes":[0, 0, 16, 24, 25, 26, 23, 52, 21, 33, 33, 21, 59, 31, 98, 61, 27, 35, 35, 23, 29],
"regularTimes":[0, 61975, 52448, 56986, 47701, 55025, 55944, 53262, 55661, 56044, 55498, 52855, 55611, 53836, 52181, 55219, 53407, 36963, 55350, 56502, 56187],
"helperSuccessfuls":[0, 0, 0, 0, 0, 0, 0, 0, 0, 1, 0, 0, 0, 0, 0, 0, 0, 1, 0, 0, 0],
"helperTrieds":[0, 0, 1, 1, 1, 1, 1, 1, 1, 1, 1, 1, 1, 1, 1, 1, 1, 1, 1, 1, 1],
"regularSuccessfuls":[0, 1714, 58, 84, 46, 58, 27, 34, 33, 10, 11, 6, 39, 35, 13, 6, 7, 8, 5, 8, 8],
"regularTrieds":[0, 9853, 1972, 5119, 2944, 5465, 4553, 8169, 8278, 7134, 6662, 5541, 6452, 6296, 7125, 8191, 5989, 2619, 7134, 8753, 9003],
"helperImprovements":[0.0, 0.0, 0.0, 0.0, 0.0, 0.0, 0.0, 0.0, 0.0, 1.17418380354502, 0.0, 0.0, 0.0, 0.0, 0.0, 0.0, 0.0, 0.35928598827740643, 0.0, 0.0, 0.0],
"regularImprovements":[0.0, 31590.639971218472, 458.172991722764, 474.68992218884523, 241.14974067674484, 366.3190220713732, 129.66844900641445, 164.0304569200598, 113.51727741278592, 70.81516247755644, 123.26648015817045, 102.76653179845744, 152.91543667147198, 195.74863746904884, 122.53113617757481, 37.84288691182883, 40.33448417352338, 21.853942474204814, 32.20477218214364, 38.69526773809048, 44.828363186832576],
"numWorkings":[0, 199, 200, 200, 200, 200, 200, 194, 197, 197, 200, 200, 192, 200, 200, 197, 198, 192, 198, 200, 199],
"totalWorkingTimes":[0, 12407763, 10715491, 11473748, 9755465, 11139921, 11261734, 10605515, 11103860, 11013256, 11223312, 10664640, 10876019, 10735114, 10592565, 10922243, 10865725, 10164616, 11205171, 11208873, 11350813]}