ì{"problemName":"rc110_1.txt",
"populationK":500,
"lsRunTime":70000,
"addFirstNeighborhoods":true,
"numHelperNeighborhoods":0,
"numRounds":20,
"numMappers":500,
"roundLengths":[0, 104231, 109835, 111428, 114202, 89638, 90998, 93830, 85774, 88684, 105834, 87034, 91722, 112020, 85648, 86343, 82626, 83309, 90662, 89624, 85640],
"bestSolCosts":[67913.0536431725, 49791.40076533181, 49308.71697457282, 49147.848020042984, 48983.28260544637, 48794.201859865825, 48638.91937235069, 48627.30941754424, 48512.416367631915, 48432.4811404896, 48380.76831740633, 48379.40473934243, 48367.14693611853, 48367.14693611853, 48362.58503307949, 48349.509677677495, 48316.2142303165, 48306.93326875438, 48305.63864904754, 48284.27894032221, 48234.14593569064],
"helperTimes":[0, 0, 14, 52, 27, 59, 55, 24, 56, 48, 60, 28, 62, 25, 74, 70, 32, 45, 61, 16, 23],
"regularTimes":[0, 57663, 56213, 55977, 58794, 57150, 55806, 56846, 56404, 58307, 58525, 54000, 58687, 57828, 49275, 57555, 56316, 56298, 59348, 59884, 60185],
"helperSuccessfuls":[0, 0, 0, 0, 0, 0, 0, 0, 0, 0, 0, 0, 0, 0, 0, 0, 0, 0, 0, 0, 0],
"helperTrieds":[0, 0, 1, 1, 1, 1, 1, 1, 1, 1, 1, 1, 1, 1, 1, 1, 1, 1, 1, 1, 1],
"regularSuccessfuls":[0, 1400, 84, 33, 41, 30, 33, 6, 17, 17, 14, 1, 5, 0, 8, 3, 25, 6, 2, 10, 24],
"regularTrieds":[0, 8131, 3761, 2715, 4322, 2215, 2731, 6130, 6047, 5244, 7437, 6449, 6675, 6620, 5783, 8984, 7726, 11622, 10583, 11460, 11985],
"helperImprovements":[0.0, 0.0, 0.0, 0.0, 0.0, 0.0, 0.0, 0.0, 0.0, 0.0, 0.0, 0.0, 0.0, 0.0, 0.0, 0.0, 0.0, 0.0, 0.0, 0.0, 0.0],
"regularImprovements":[0.0, 24413.33876961244, 482.6837907589943, 160.868954529833, 164.56541459661094, 189.08074558054795, 155.28248751513456, 11.609954806452151, 114.89304991232348, 79.93522714231221, 51.712823083275, 1.3635780638942379, 12.257803223903466, 0.0, 4.561903039037134, 13.075355401997513, 33.29544736099342, 9.280961562122684, 1.2946197068376932, 21.359708725329256, 50.13300463157066],
"numWorkings":[0, 500, 500, 498, 496, 496, 499, 500, 498, 500, 497, 499, 500, 500, 500, 494, 498, 493, 489, 492, 500],
"totalWorkingTimes":[0, 29676703, 26563698, 24698250, 27065773, 26310425, 26138886, 26495417, 25163638, 26880634, 26762905, 24461080, 27297180, 26434119, 26121090, 26432906, 25997960, 25758322, 23956715, 27007600, 28306089]}