õ{"problemName":"rc110_1.txt",
"populationK":10,
"lsRunTime":70000,
"addFirstNeighborhoods":true,
"numHelperNeighborhoods":0,
"numRounds":20,
"numMappers":100,
"roundLengths":[0, 100221, 97735, 85957, 79695, 82243, 77126, 90831, 78163, 78684, 79763, 79277, 80921, 78862, 80702, 80749, 81702, 84803, 79106, 77675, 79822],
"bestSolCosts":[69379.33634069808, 49954.9580445137, 49454.24172566673, 49135.136023744264, 48982.530791160716, 48607.72940016085, 48399.78283948132, 48125.049051831076, 48028.0436709635, 47938.07937674186, 47864.68042696035, 47792.928590878895, 47715.64142365814, 47637.25572199231, 47562.50649552735, 47555.23174916415, 47542.93529720653, 47538.50572735197, 47531.866737055716, 47528.73259124073, 47524.37781417087],
"helperTimes":[0, 0, 26, 28, 74, 31, 25, 27, 47, 45, 73, 38, 192, 61, 79, 55, 72, 56, 41, 51, 90],
"regularTimes":[0, 60324, 50919, 53459, 52542, 44909, 49414, 55787, 50763, 48776, 41917, 52520, 31645, 46444, 58701, 42256, 52563, 50137, 55109, 55835, 55370],
"helperSuccessfuls":[0, 0, 0, 0, 0, 0, 0, 0, 0, 0, 0, 0, 1, 0, 1, 0, 0, 0, 0, 0, 0],
"helperTrieds":[0, 0, 1, 1, 1, 1, 1, 1, 1, 1, 1, 1, 1, 1, 1, 1, 1, 1, 1, 1, 1],
"regularSuccessfuls":[0, 1333, 67, 51, 69, 73, 62, 43, 20, 17, 12, 15, 23, 8, 19, 3, 6, 3, 2, 3, 4],
"regularTrieds":[0, 9250, 5777, 2866, 3711, 5102, 4679, 7805, 7001, 5453, 6146, 7182, 4010, 7109, 8468, 8530, 9717, 10076, 10407, 8442, 9239],
"helperImprovements":[0.0, 0.0, 0.0, 0.0, 0.0, 0.0, 0.0, 0.0, 0.0, 0.0, 0.0, 0.0, 11.448138676598319, 0.0, 2.9366168662527343, 0.0, 0.0, 0.0, 0.0, 0.0, 0.0],
"regularImprovements":[0.0, 22248.95111230373, 500.71631884697126, 363.0780885970962, 360.8440129535884, 374.80139099986263, 298.93697208350204, 313.55301658593817, 99.87761060256162, 96.85742774498067, 86.85001848243701, 90.54500409924367, 71.64098124322481, 112.47472683832166, 112.40604445169447, 7.274746363196755, 19.57119832081662, 4.429569854561123, 8.67235285755305, 6.364128905028338, 4.994185485746129],
"numWorkings":[0, 100, 100, 99, 92, 100, 100, 99, 99, 100, 100, 95, 31, 98, 100, 99, 100, 100, 98, 100, 100],
"totalWorkingTimes":[0, 6000077, 5190427, 5275008, 4934309, 4614507, 4950661, 5561271, 5090003, 4996559, 4535986, 5013436, 3801496, 4876909, 4996032, 4255585, 5274795, 5197939, 5407069, 5091915, 5588805]}