Ø{"problemName":"rc110_1.txt",
"populationK":15,
"lsRunTime":70000,
"addFirstNeighborhoods":true,
"numHelperNeighborhoods":0,
"numRounds":20,
"numMappers":100,
"roundLengths":[0, 103175, 91098, 112763, 81786, 90995, 76799, 82768, 79867, 82941, 80216, 79959, 93556, 71882, 98116, 99630, 80815, 82955, 87747, 76764, 77589],
"bestSolCosts":[67915.34163040684, 50240.88692836627, 49646.21182308328, 49254.01052845373, 48986.65204900378, 48877.330520256444, 48742.49287418778, 48665.92893163127, 48594.48152572157, 48542.52742337423, 48438.28194331234, 48420.65836709981, 48369.40631267335, 48301.50041864439, 48235.0923232577, 48149.41278184498, 48109.09906272657, 48062.31007648265, 48026.722245536315, 47932.45680610714, 47782.03021370576],
"helperTimes":[0, 0, 22, 23, 22, 59, 41, 24, 27, 24, 21, 28, 22, 87, 43, 64, 119, 79, 76, 33, 54],
"regularTimes":[0, 58176, 54294, 52994, 54297, 56370, 52550, 55270, 55459, 55333, 51970, 57910, 52912, 54419, 54723, 51733, 50125, 49571, 41911, 58189, 54550],
"helperSuccessfuls":[0, 0, 0, 0, 0, 0, 0, 0, 0, 0, 0, 0, 0, 0, 0, 0, 0, 0, 0, 0, 0],
"helperTrieds":[0, 0, 1, 1, 1, 1, 1, 1, 1, 1, 1, 1, 1, 1, 1, 1, 1, 1, 1, 1, 1],
"regularSuccessfuls":[0, 1245, 110, 88, 65, 90, 49, 26, 36, 24, 42, 5, 4, 20, 9, 11, 23, 6, 8, 31, 24],
"regularTrieds":[0, 7487, 4048, 7840, 7441, 6225, 6377, 9203, 3423, 5658, 5783, 7325, 8819, 7417, 6073, 5917, 7437, 6721, 3757, 8769, 10988],
"helperImprovements":[0.0, 0.0, 0.0, 0.0, 0.0, 0.0, 0.0, 0.0, 0.0, 0.0, 0.0, 0.0, 0.0, 0.0, 0.0, 0.0, 0.0, 0.0, 0.0, 0.0, 0.0],
"regularImprovements":[0.0, 20664.922008732618, 594.6751052829932, 392.20129462955083, 344.4068780122834, 306.4802255519826, 134.83764606866316, 85.89995824038488, 111.7323899281837, 120.36595016729552, 131.90428869512107, 17.62357621252886, 71.91308904824109, 76.53058323053847, 66.40809538669419, 133.9814682306387, 104.60219808341208, 46.78898624391877, 62.99008920703636, 116.75720184748934, 150.42659240138164],
"numWorkings":[0, 100, 100, 98, 100, 96, 98, 100, 100, 100, 93, 96, 98, 93, 97, 99, 98, 100, 94, 97, 100],
"totalWorkingTimes":[0, 5968427, 5528478, 5289966, 5306142, 4981741, 5239372, 5536904, 5514319, 5496750, 4847261, 4658903, 5237143, 4421152, 5433714, 5301881, 5010471, 4978710, 4293566, 5473409, 5499313]}