ç{"problemName":"rc110_1.txt",
"populationK":15,
"lsRunTime":70000,
"addFirstNeighborhoods":true,
"numHelperNeighborhoods":0,
"numRounds":20,
"numMappers":100,
"roundLengths":[0, 85288, 79216, 78779, 82727, 81169, 82703, 91399, 79955, 89958, 86908, 81757, 81002, 85845, 87243, 81362, 89250, 80984, 86139, 76969, 78612],
"bestSolCosts":[69743.41963914785, 50497.689197821666, 50061.908680927205, 49511.66605871926, 48989.705930175674, 48772.0194227298, 48553.99922125754, 48341.924980530785, 48271.44734399663, 48129.5867050892, 48059.34900269155, 47993.81583845209, 47939.953802293196, 47857.3575987619, 47792.84927735723, 47722.1311001225, 47662.62865562757, 47638.06724138113, 47611.82292198168, 47590.24865468437, 47562.16784285911],
"helperTimes":[0, 0, 24, 49, 43, 27, 105, 85, 18, 37, 106, 72, 123, 82, 97, 33, 94, 104, 53, 612, 31],
"regularTimes":[0, 58140, 55920, 36587, 50900, 49244, 56257, 53359, 50937, 47261, 44345, 46880, 46797, 48028, 52273, 54903, 46805, 52080, 50288, 52782, 55150],
"helperSuccessfuls":[0, 0, 0, 0, 0, 0, 0, 0, 0, 0, 0, 0, 0, 0, 0, 0, 0, 0, 0, 1, 0],
"helperTrieds":[0, 0, 1, 1, 1, 1, 1, 1, 1, 1, 1, 1, 1, 1, 1, 1, 1, 1, 1, 1, 1],
"regularSuccessfuls":[0, 1238, 162, 86, 115, 81, 28, 33, 12, 20, 24, 18, 21, 16, 31, 30, 4, 4, 4, 16, 8],
"regularTrieds":[0, 6701, 4828, 1496, 4867, 3804, 3707, 3540, 4830, 3451, 1956, 3550, 4452, 4204, 6003, 5438, 4605, 4075, 5443, 6444, 11023],
"helperImprovements":[0.0, 0.0, 0.0, 0.0, 0.0, 0.0, 0.0, 0.0, 0.0, 0.0, 0.0, 0.0, 0.0, 0.0, 0.0, 0.0, 0.0, 0.0, 0.0, 5.631664482018095, 0.0],
"regularImprovements":[0.0, 24350.30356353602, 988.5614399956321, 674.8679200518673, 589.0714486222932, 463.2273925042973, 309.64721725915297, 268.71540551187354, 70.47763653415313, 220.84863585457788, 70.23770239764417, 65.53316423946671, 83.80671778417309, 82.59620353129867, 64.5083214046681, 122.85661383075785, 72.19946790900576, 24.56141424644011, 28.572011716889392, 42.18692221474339, 36.16764052597864],
"numWorkings":[0, 100, 100, 100, 100, 98, 100, 98, 98, 98, 100, 98, 99, 100, 97, 98, 100, 100, 93, 92, 96],
"totalWorkingTimes":[0, 5891146, 5444595, 3893831, 5195497, 4924955, 5392311, 5266384, 4964419, 5385159, 4710895, 4841402, 4815022, 4925266, 5081048, 5441161, 4601286, 5163408, 4222287, 4718423, 5316943]}