	–{"problemName":"rc110_1.txt",
"populationK":1,
"lsRunTime":70000,
"addFirstNeighborhoods":true,
"numHelperNeighborhoods":300,
"numRounds":20,
"numMappers":100,
"roundLengths":[0, 105350, 97815, 91981, 81731, 79931, 77716, 96756, 78684, 82627, 78865, 80812, 79159, 79809, 79688, 73989, 77908, 79262, 82698, 78782, 80902],
"bestSolCosts":[69091.61715526525, 50270.02954886544, 49164.88569929423, 48890.74951405744, 48609.337631687325, 48498.63641767832, 48394.67670807754, 48334.00257257994, 48267.68842579979, 48198.79510543724, 48153.59336333127, 48011.7933798179, 47880.9830463127, 47855.655238647494, 47824.095161807105, 47788.544900613204, 47783.682899818516, 47782.842891665794, 47778.01386408958, 47775.7008007209, 47768.86142530181],
"helperTimes":[0, 0, 714, 1257, 1687, 2875, 1927, 1138, 1586, 1397, 1498, 624, 360, 1166, 998, 1418, 1023, 590, 0, 547, 1075],
"regularTimes":[0, 62336, 56718, 58798, 56333, 46771, 56752, 62738, 50064, 49182, 55883, 53868, 51796, 55020, 47117, 53305, 53043, 44837, 56101, 53951, 48719],
"helperSuccessfuls":[0, 0, 1, 0, 4, 2, 11, 0, 14, 0, 0, 0, 8, 0, 5, 4, 0, 0, 0, 2, 0],
"helperTrieds":[0, 0, 301, 301, 301, 301, 301, 301, 301, 301, 255, 47, 32, 301, 96, 301, 301, 30, 0, 56, 202],
"regularSuccessfuls":[0, 1419, 178, 41, 53, 30, 24, 21, 22, 9, 5, 6, 34, 6, 8, 10, 6, 1, 5, 2, 3],
"regularTrieds":[0, 8697, 2917, 6982, 5206, 4943, 9896, 6020, 9143, 11776, 9925, 10530, 9349, 13076, 10596, 9486, 7350, 8820, 10791, 9106, 7768],
"helperImprovements":[0.0, 0.0, 5.971337980750832, 0.0, 30.050877241905255, 20.39363067438535, 17.52428161077114, 0.0, 20.02288843221322, 0.0, 0.0, 0.0, 9.088991705939407, 0.0, 14.842669714831572, 1.5739573195460252, 0.0, 0.0, 0.0, 1.511179300781805, 0.0],
"regularImprovements":[0.0, 28720.245459442274, 1099.1725115904555, 274.1361852367918, 251.3610051282085, 90.3075833346229, 86.43542799000716, 60.67413549759658, 46.29125834794104, 68.89332036254928, 45.20174210597179, 141.7999835133669, 121.7213417992607, 25.32780766520591, 16.717407125557656, 33.976303874354926, 4.862000794688356, 0.8400081527215661, 4.829027576211956, 0.8018840678996639, 6.839375419091084],
"numWorkings":[0, 100, 100, 92, 99, 98, 93, 93, 97, 96, 100, 100, 100, 94, 100, 92, 99, 100, 100, 100, 100],
"totalWorkingTimes":[0, 6309631, 5749521, 5444446, 5801980, 4766492, 4806604, 5490112, 5101019, 4962544, 5447749, 5489806, 5246949, 5154829, 5083519, 5027799, 5419227, 4550689, 5549200, 5481256, 5073284]}