	ê{"problemName":"rc110_1.txt",
"populationK":1,
"lsRunTime":70000,
"addFirstNeighborhoods":true,
"numHelperNeighborhoods":300,
"numRounds":20,
"numMappers":100,
"roundLengths":[0, 99904, 151218, 80021, 101838, 99911, 108079, 82805, 83867, 104931, 78883, 94744, 81654, 99183, 80709, 78657, 77762, 79220, 84117, 81779, 79610],
"bestSolCosts":[69419.33896538537, 50578.04284812678, 49907.348553683405, 49422.044788976746, 49237.121097932664, 49097.72605220588, 48954.60036132712, 48861.61106088733, 48801.50627779599, 48735.49745603734, 48677.9595408988, 48643.13115500542, 48632.112453340764, 48574.54979767574, 48514.177625991826, 48407.052905187695, 48351.058045836166, 48233.869718080045, 48188.214880827654, 48180.10347477796, 48178.146691262606],
"helperTimes":[0, 0, 566, 2344, 1736, 928, 1213, 2297, 1956, 7182, 1050, 2265, 4131, 745, 1724, 1965, 1161, 1168, 1773, 1141, 168],
"regularTimes":[0, 61677, 55964, 51904, 40649, 47797, 55658, 52728, 54204, 46450, 28350, 51631, 48562, 56497, 55679, 45382, 51265, 52750, 50696, 51563, 35890],
"helperSuccessfuls":[0, 0, 1, 5, 2, 2, 7, 6, 2, 3, 4, 7, 0, 8, 0, 12, 2, 0, 6, 0, 2],
"helperTrieds":[0, 0, 301, 301, 301, 301, 301, 301, 301, 301, 301, 301, 301, 51, 301, 217, 301, 301, 255, 301, 18],
"regularSuccessfuls":[0, 1107, 116, 76, 37, 24, 23, 15, 19, 15, 17, 8, 4, 5, 5, 7, 17, 11, 9, 6, 0],
"regularTrieds":[0, 5449, 3333, 5223, 5217, 8713, 5756, 6468, 8410, 6573, 4776, 5644, 7227, 4285, 6967, 3708, 7576, 9124, 9627, 10941, 9386],
"helperImprovements":[0.0, 0.0, 1.310160405759234, 43.91923440065875, 3.0399662506388268, 2.7946425881964387, 17.98886993074848, 12.195299937200616, 6.03516298186878, 2.903801569227653, 33.440526316917385, 3.684458486328367, 0.0, 20.143287396444066, 0.0, 31.213502737577073, 2.7623489615289145, 0.0, 13.74058222136955, 0.0, 1.9567835153575288],
"regularImprovements":[0.0, 20827.173963172136, 669.3841340376166, 441.38453030600067, 181.88372479344252, 136.60040313858917, 125.13682094801334, 80.79400050258846, 54.069620109468815, 63.10502018942498, 24.097388821617642, 31.143927407050796, 11.018701664659602, 37.41936826858, 60.37217168391362, 75.91121806655428, 53.23251039000024, 117.188327756121, 31.91425503102073, 8.11140604969114, 0.0],
"numWorkings":[0, 100, 100, 97, 95, 96, 98, 94, 98, 95, 13, 99, 92, 100, 92, 100, 99, 91, 100, 96, 79],
"totalWorkingTimes":[0, 6226910, 5761761, 5110067, 4233127, 4835030, 5653668, 5085410, 5529697, 5225047, 3118775, 5352730, 4900409, 5722469, 5363793, 4729418, 5182706, 4973502, 5375973, 5093731, 3702677]}