	ê{"problemName":"rc110_1.txt",
"populationK":1,
"lsRunTime":70000,
"addFirstNeighborhoods":true,
"numHelperNeighborhoods":600,
"numRounds":20,
"numMappers":100,
"roundLengths":[0, 104060, 95864, 83983, 80866, 83109, 77678, 80724, 84733, 81804, 85741, 78763, 91142, 85683, 79032, 79821, 86892, 78994, 80690, 78769, 80220],
"bestSolCosts":[69633.1007192682, 49933.63292612539, 49413.016124303744, 49171.52489515851, 48985.53147967646, 48870.50225042086, 48674.262345242976, 48617.40611255346, 48499.54260890046, 48432.167964733555, 48408.85501479151, 48398.441135322726, 48391.21823675723, 48380.834657077874, 48372.49598531561, 48332.90054832722, 48263.31009482828, 48253.12237567034, 48246.93907659, 48238.94373814362, 48237.34505939513],
"helperTimes":[0, 0, 595, 7148, 5769, 3554, 3140, 1699, 1164, 1186, 4310, 1154, 1209, 438, 1826, 1200, 1293, 784, 1052, 967, 1864],
"regularTimes":[0, 61536, 58471, 45011, 57009, 49135, 47662, 56443, 57272, 50625, 46825, 54035, 55516, 60731, 48347, 50862, 53189, 50797, 33543, 51708, 53791],
"helperSuccessfuls":[0, 0, 1, 5, 14, 4, 9, 2, 9, 0, 2, 1, 0, 7, 3, 2, 1, 0, 0, 4, 4],
"helperTrieds":[0, 0, 601, 601, 601, 601, 601, 601, 457, 601, 601, 316, 269, 12, 601, 214, 255, 145, 85, 48, 472],
"regularSuccessfuls":[0, 1358, 98, 40, 22, 31, 52, 16, 12, 26, 4, 4, 6, 7, 5, 7, 14, 20, 3, 1, 0],
"regularTrieds":[0, 7732, 5348, 5518, 5811, 4463, 5811, 7146, 6631, 5258, 7799, 10223, 8983, 11407, 10140, 6145, 5669, 11162, 5686, 9771, 9436],
"helperImprovements":[0.0, 0.0, 0.3556030390027445, 47.313072568998905, 51.19722942923545, 61.04761047651846, 14.842398252782004, 10.701637196718366, 38.75076541641465, 0.0, 5.331778598221717, 1.3528202048692037, 0.0, 2.8469178884406574, 1.129369771500933, 0.5681397533408017, 0.06255550787318498, 0.0, 0.0, 3.9562661528398166, 1.5986787484944216],
"regularImprovements":[0.0, 26014.177723534733, 520.2611987826458, 194.17815657623578, 134.79618605281576, 53.98161877907842, 181.3975069251028, 46.15459549280058, 79.11273823658121, 67.37464416690636, 17.981171343824826, 9.061059263913194, 7.222898565494688, 7.536661790916696, 7.209301990762469, 39.027297235050355, 69.5278979910654, 10.187719157940592, 6.183299080337747, 4.039072293540812, 0.0],
"numWorkings":[0, 100, 100, 98, 99, 96, 99, 95, 100, 93, 96, 100, 100, 100, 92, 100, 100, 100, 15, 100, 100],
"totalWorkingTimes":[0, 6242086, 5540766, 5222579, 5487456, 5152738, 4842286, 5559591, 5912438, 4582372, 4981008, 5131047, 5734561, 5676575, 4629899, 5177125, 5590787, 5148265, 3696189, 5348149, 5539343]}