	¨{"problemName":"rc110_1.txt",
"populationK":1,
"lsRunTime":70000,
"addFirstNeighborhoods":true,
"numHelperNeighborhoods":600,
"numRounds":20,
"numMappers":100,
"roundLengths":[0, 89860, 80933, 78779, 88718, 79696, 85060, 77752, 88821, 77963, 92920, 105917, 121282, 94722, 91517, 80700, 82778, 94797, 89780, 82191, 87785],
"bestSolCosts":[69317.58857952629, 50312.87129023656, 49529.91862782448, 49144.03749427211, 48830.536703116595, 48632.96930822781, 48366.59082366272, 48246.78551238237, 48154.98427368325, 48052.44509376264, 47948.853922227245, 47846.98608710137, 47832.13781719091, 47820.72376982305, 47800.531060280686, 47784.382594835064, 47727.84293641027, 47715.48237574584, 47715.48237574584, 47715.48237574584, 47715.48237574584],
"helperTimes":[0, 0, 978, 1937, 3781, 3361, 2152, 2019, 1047, 4948, 2563, 1164, 2424, 2053, 2947, 3374, 1319, 4233, 1685, 0, 0],
"regularTimes":[0, 61717, 55226, 51658, 50189, 47021, 50693, 51188, 64465, 44030, 50556, 55891, 53608, 52572, 53026, 50028, 39844, 49146, 52847, 53731, 50366],
"helperSuccessfuls":[0, 0, 0, 11, 1, 0, 20, 0, 10, 14, 0, 24, 3, 2, 6, 1, 5, 2, 0, 0, 0],
"helperTrieds":[0, 0, 601, 601, 601, 601, 601, 601, 601, 601, 601, 288, 601, 429, 396, 601, 253, 601, 504, 0, 0],
"regularSuccessfuls":[0, 1178, 111, 86, 83, 30, 23, 29, 21, 15, 16, 6, 9, 6, 7, 8, 15, 9, 0, 0, 0],
"regularTrieds":[0, 7183, 4474, 4414, 6454, 6948, 11456, 7927, 6095, 5323, 5962, 10968, 10552, 11370, 7617, 8607, 6960, 8125, 8604, 7817, 9859],
"helperImprovements":[0.0, 0.0, 0.0, 49.07069646535092, 0.9463972511439351, 0.0, 87.05109135179373, 0.0, 14.699722450743138, 31.309241451082926, 0.0, 50.58909895751276, 0.44985969956906047, 1.7913797668225016, 6.57170798095467, 1.2390091128108907, 10.692140624159947, 1.001424273737939, 0.0, 0.0, 0.0],
"regularImprovements":[0.0, 22737.020238474513, 782.9526624120772, 336.81043708702055, 312.55439390437095, 197.5673948887852, 179.32739321329427, 119.80531128035364, 77.10151624837454, 71.22993846952886, 103.5911715353941, 51.27873616835859, 14.398410210895236, 9.622667601033754, 13.621001561412413, 14.909456332810805, 45.847517800633796, 11.359136390688946, 0.0, 0.0, 0.0],
"numWorkings":[0, 100, 100, 97, 93, 94, 98, 97, 96, 89, 92, 100, 95, 100, 100, 96, 100, 89, 100, 100, 100],
"totalWorkingTimes":[0, 6238623, 5598507, 5206091, 5041426, 4825651, 5212374, 5138718, 5156648, 4469723, 4924363, 5823716, 5561959, 5595579, 5643289, 5199392, 4145292, 4933481, 5442630, 5429927, 5204706]}