	[{"problemName":"rc110_1.txt",
"populationK":1,
"lsRunTime":70000,
"addFirstNeighborhoods":true,
"numHelperNeighborhoods":0,
"numRounds":20,
"numMappers":500,
"roundLengths":[0, 93005, 166451, 84592, 84658, 84820, 85154, 80890, 82644, 88640, 86584, 77573, 78750, 80215, 79556, 79614, 80569, 80495, 79752, 80591, 78608],
"bestSolCosts":[68309.91625307398, 49381.85893165843, 48769.65610477567, 48506.753165943526, 48384.975021618724, 48269.987809356586, 48095.82547759551, 48006.1089853381, 47924.811389349255, 47865.47493253695, 47830.90872489558, 47783.32773642168, 47723.065823563666, 47698.93193711637, 47599.11204108709, 47467.777357550905, 47415.804629160804, 47336.37805472744, 47309.0262658438, 47259.479794789266, 47231.06460392013],
"helperTimes":[0, 0, 12, 21, 58, 100, 29, 27, 57, 18, 30, 27, 39, 63, 35, 39, 20, 37, 72, 28, 59],
"regularTimes":[0, 62033, 58231, 54451, 59039, 52540, 52515, 50275, 51699, 55190, 57776, 54642, 55845, 53654, 48905, 53350, 57508, 58325, 55507, 58494, 56479],
"helperSuccessfuls":[0, 0, 0, 0, 0, 0, 0, 0, 1, 0, 0, 1, 0, 1, 0, 1, 0, 0, 0, 1, 1],
"helperTrieds":[0, 0, 1, 1, 1, 1, 1, 1, 1, 1, 1, 1, 1, 1, 1, 1, 1, 1, 1, 1, 1],
"regularSuccessfuls":[0, 1476, 138, 46, 18, 26, 54, 27, 21, 18, 9, 19, 13, 9, 16, 16, 15, 19, 3, 7, 6],
"regularTrieds":[0, 7712, 4331, 4665, 7609, 5625, 7927, 7192, 8482, 11066, 12963, 12261, 11755, 9870, 7507, 12310, 11803, 11981, 13418, 11998, 11496],
"helperImprovements":[0.0, 0.0, 0.0, 0.0, 0.0, 0.0, 0.0, 0.0, 1.4248701683536638, 0.0, 0.0, 0.2559909742703894, 0.0, 4.035782716149697, 0.0, 3.5982508542219875, 0.0, 0.0, 0.0, 19.58404733122734, 0.9061561675625853],
"regularImprovements":[0.0, 23527.731163385666, 612.2028268827635, 262.90293883214326, 121.77814432480227, 114.9872122621382, 174.16233176107926, 89.71649225740839, 79.872725820489, 59.336456812307006, 34.566207641371875, 47.32499749962881, 60.26191285801178, 20.098103731143055, 99.81989602927933, 127.73643268196611, 51.97272839010111, 79.42657443336793, 27.35178888363589, 29.962423723307438, 27.50903470157209],
"numWorkings":[0, 500, 500, 476, 496, 496, 500, 500, 496, 500, 500, 500, 500, 494, 483, 500, 500, 497, 500, 495, 495],
"totalWorkingTimes":[0, 30870961, 28618873, 25814466, 24161148, 26905411, 26252666, 25900405, 25809860, 26483772, 27437373, 26524070, 27264727, 26172832, 24471562, 27143638, 28087113, 28012012, 27979204, 28094029, 27222845]}