	ý{"problemName":"rc110_1.txt",
"populationK":1,
"lsRunTime":70000,
"addFirstNeighborhoods":true,
"numHelperNeighborhoods":300,
"numRounds":20,
"numMappers":200,
"roundLengths":[0, 95999, 82732, 85725, 102149, 109210, 146995, 118823, 136039, 98835, 111082, 95908, 87001, 92911, 102871, 83913, 85601, 78771, 80750, 79701, 79614],
"bestSolCosts":[69231.45644042331, 49590.7344121162, 49172.456877748875, 48790.96797830792, 48686.416361128635, 48528.94635310983, 48326.37691691393, 48107.680797191904, 47864.626041853306, 47808.70655482389, 47739.05748523818, 47636.029267778424, 47574.2294884524, 47467.00016531593, 47432.464022534725, 47428.82963653853, 47423.87427993363, 47375.030777864864, 47364.530354223316, 47360.753637948714, 47353.350975651956],
"helperTimes":[0, 0, 635, 1057, 1973, 5444, 2974, 3430, 3450, 3645, 1872, 2064, 4872, 1891, 1342, 1978, 1182, 896, 2541, 1392, 439],
"regularTimes":[0, 60844, 53752, 57612, 54448, 46347, 52577, 51956, 50664, 50011, 50535, 50056, 46993, 52640, 53686, 48428, 50747, 55193, 56150, 54509, 58495],
"helperSuccessfuls":[0, 0, 0, 8, 3, 2, 5, 0, 18, 0, 4, 2, 3, 5, 8, 0, 0, 1, 3, 0, 0],
"helperTrieds":[0, 0, 301, 301, 301, 301, 301, 301, 301, 301, 301, 301, 301, 301, 301, 301, 301, 36, 301, 301, 54],
"regularSuccessfuls":[0, 1465, 79, 77, 28, 27, 34, 17, 45, 10, 22, 16, 11, 27, 9, 5, 2, 6, 6, 3, 4],
"regularTrieds":[0, 8575, 2410, 4312, 4247, 5431, 3493, 2399, 2674, 5926, 8028, 8779, 6258, 3700, 10089, 11275, 9526, 5643, 15732, 16593, 17037],
"helperImprovements":[0.0, 0.0, 0.0, 19.326921039712033, 1.4550304749136558, 5.20715276140254, 53.90908399915497, 0.0, 58.772005194812664, 0.0, 5.459560529139708, 13.433206738394802, 19.029687945221667, 17.177925203955965, 16.03263362569851, 0.0, 0.0, 0.6711442345840624, 4.955824373857467, 0.0, 0.0],
"regularImprovements":[0.0, 30286.188419707178, 418.27753436732746, 362.1619784012437, 103.09658670437057, 152.2628552574024, 148.66035219674814, 218.69611972202256, 184.28275014378596, 55.919487029415905, 64.18950905656675, 89.59501072136482, 42.770091380800295, 90.05139793251874, 18.503509155503707, 3.6343859961925773, 4.955356604899862, 48.17235783418437, 5.544599267690501, 3.7767162746022223, 7.402662296757626],
"numWorkings":[0, 200, 200, 188, 190, 195, 189, 199, 191, 195, 194, 195, 190, 196, 193, 197, 198, 200, 198, 197, 200],
"totalWorkingTimes":[0, 12279400, 10747274, 11057320, 11198422, 10149888, 11073669, 10999066, 11209162, 10633897, 10345894, 10186903, 10062870, 10730383, 10617103, 9941899, 10423183, 10530450, 11604367, 11046377, 11705701]}