	B{"problemName":"rc110_1.txt",
"populationK":1,
"lsRunTime":70000,
"addFirstNeighborhoods":true,
"numHelperNeighborhoods":0,
"numRounds":20,
"numMappers":200,
"roundLengths":[0, 92012, 89750, 85750, 83808, 79725, 80775, 89753, 80894, 83012, 79870, 89651, 79745, 79138, 78912, 90818, 91835, 79642, 81975, 79817, 77985],
"bestSolCosts":[69486.7017438058, 49745.30378590616, 48891.82613967889, 48626.592468490955, 48497.06181850353, 48398.79777948028, 48275.540824997115, 48042.10781697397, 47939.00932303466, 47873.72625832695, 47825.51382628712, 47806.14267093394, 47751.17487027629, 47678.644346771056, 47590.74902586637, 47522.471697750174, 47470.80691285259, 47439.999849748034, 47427.56352338404, 47414.970741948164, 47387.109045621],
"helperTimes":[0, 0, 34, 22, 69, 22, 67, 29, 141, 28, 26, 38, 83, 314, 79, 61, 42, 82, 30, 20, 40],
"regularTimes":[0, 61157, 57180, 56394, 54583, 57532, 58935, 54013, 48274, 54586, 57656, 56436, 55167, 52696, 50212, 52932, 53424, 55579, 54625, 54697, 52743],
"helperSuccessfuls":[0, 0, 0, 0, 0, 0, 0, 0, 1, 0, 0, 1, 1, 1, 0, 0, 0, 1, 0, 0, 0],
"helperTrieds":[0, 0, 1, 1, 1, 1, 1, 1, 1, 1, 1, 1, 1, 1, 1, 1, 1, 1, 1, 1, 1],
"regularSuccessfuls":[0, 1530, 139, 40, 36, 12, 37, 48, 22, 23, 10, 4, 5, 10, 16, 12, 5, 8, 4, 2, 5],
"regularTrieds":[0, 7348, 3098, 5695, 7529, 5199, 5009, 5778, 4542, 8178, 5852, 10108, 7602, 8943, 8418, 7055, 7654, 8629, 10044, 8776, 10339],
"helperImprovements":[0.0, 0.0, 0.0, 0.0, 0.0, 0.0, 0.0, 0.0, 0.29797922197030857, 0.0, 0.0, 11.685068681021221, 0.04362711250723805, 0.6716081499034772, 0.0, 0.0, 0.0, 4.428978463503881, 0.0, 0.0, 0.0],
"regularImprovements":[0.0, 28118.9203222629, 853.4776462272712, 265.2336711879325, 129.53064998742775, 98.26403902324819, 123.25695448316401, 233.4330080231448, 102.80051471733896, 65.28306470771349, 48.212432039828855, 7.686086672154488, 54.924173545143276, 71.85891535533301, 87.89532090468856, 68.27732811619353, 51.66478489758447, 26.378084641051828, 12.436326363997068, 12.592781435872894, 27.861696327163372],
"numWorkings":[0, 200, 200, 200, 195, 200, 200, 200, 197, 200, 188, 200, 198, 195, 192, 194, 195, 196, 199, 200, 196],
"totalWorkingTimes":[0, 12214166, 11220727, 11207475, 10691736, 10958823, 10807744, 10964102, 9878854, 11041256, 10652644, 11164030, 11122583, 10399198, 9761402, 10378456, 10506576, 10642327, 10733474, 10932757, 10230409]}