	U{"problemName":"rc110_1.txt",
"populationK":1,
"lsRunTime":70000,
"addFirstNeighborhoods":true,
"numHelperNeighborhoods":0,
"numRounds":20,
"numMappers":200,
"roundLengths":[0, 110290, 76006, 79503, 80056, 80788, 89943, 83736, 84938, 83982, 77871, 86879, 90085, 102841, 85709, 82933, 84820, 99984, 98975, 82814, 85065],
"bestSolCosts":[67410.01618715291, 49589.7600461982, 48699.38921149627, 48429.81592034137, 48232.04110527042, 48038.657037478944, 47941.36486385865, 47882.55609666397, 47834.83877645028, 47810.00528699814, 47768.620746794404, 47737.5787183112, 47690.959840922646, 47659.98828858347, 47633.64104907105, 47583.52839103902, 47553.81801685764, 47530.922754025894, 47507.13330100409, 47493.59770655046, 47464.73303140182],
"helperTimes":[0, 0, 18, 59, 194, 28, 67, 32, 58, 33, 22, 24, 20, 62, 45, 68, 59, 55, 52, 91, 30],
"regularTimes":[0, 61342, 54298, 51125, 54452, 54796, 53817, 53531, 53738, 60534, 53837, 56075, 57838, 55102, 57935, 55440, 53050, 60212, 53901, 50759, 50347],
"helperSuccessfuls":[0, 0, 0, 0, 0, 0, 0, 0, 1, 0, 0, 0, 0, 1, 0, 1, 0, 1, 0, 1, 1],
"helperTrieds":[0, 0, 1, 1, 1, 1, 1, 1, 1, 1, 1, 1, 1, 1, 1, 1, 1, 1, 1, 1, 1],
"regularSuccessfuls":[0, 1452, 106, 55, 46, 41, 17, 17, 13, 11, 14, 14, 13, 6, 5, 13, 9, 8, 7, 3, 8],
"regularTrieds":[0, 9557, 4270, 7467, 6190, 8378, 6405, 9161, 6681, 8045, 5617, 10117, 9469, 10536, 9502, 9081, 7586, 5777, 5514, 4862, 7850],
"helperImprovements":[0.0, 0.0, 0.0, 0.0, 0.0, 0.0, 0.0, 0.0, 0.2612147635882138, 0.0, 0.0, 0.0, 0.0, 2.0813727567729075, 0.0, 3.6013164296455216, 0.0, 1.1622989414463518, 0.0, 0.35842856898671016, 0.17499546634644503],
"regularImprovements":[0.0, 29530.922679932155, 890.3708347019274, 269.57329115490575, 197.7748150709449, 193.38406779147772, 97.29217362029158, 58.80876719468506, 47.45610545010277, 24.833489452139474, 41.384540203733195, 31.042028483207105, 46.61887738855148, 28.890179582405835, 26.347239512419037, 46.511341602381435, 29.710374181384395, 21.73296389029565, 23.789453021803638, 13.177165884641, 28.689679682298447],
"numWorkings":[0, 200, 200, 200, 199, 200, 196, 199, 200, 200, 200, 198, 200, 195, 191, 200, 200, 200, 197, 200, 200],
"totalWorkingTimes":[0, 12302208, 10733961, 10395929, 10471480, 10915317, 10684881, 10847656, 10964419, 11583541, 10881445, 10980480, 11435683, 10781974, 11071715, 11152531, 11041490, 11473034, 10699879, 10474329, 10266819]}