	ù{"problemName":"rc110_1.txt",
"populationK":1,
"lsRunTime":70000,
"addFirstNeighborhoods":true,
"numHelperNeighborhoods":600,
"numRounds":20,
"numMappers":200,
"roundLengths":[0, 98106, 78696, 79996, 81839, 84867, 84792, 84848, 91881, 87013, 83869, 80677, 94994, 79639, 84994, 78853, 77921, 80175, 80744, 84142, 83064],
"bestSolCosts":[69380.24309273086, 49918.5646127561, 49167.35229253336, 48747.229382859085, 48568.739758758435, 48415.32653035745, 48303.62990246039, 48212.89016884972, 48150.447741449105, 48062.89724754713, 47933.90114669978, 47853.30725577825, 47759.03325906528, 47732.43032395035, 47578.5098939431, 47526.59758321802, 47509.084660597575, 47502.39780412656, 47494.92371760993, 47469.96943806069, 47451.002677538134],
"helperTimes":[0, 0, 1411, 3573, 5286, 8950, 2410, 4100, 1777, 3753, 2766, 3427, 1938, 2037, 1295, 4123, 3289, 3733, 3104, 427, 2466],
"regularTimes":[0, 61275, 53752, 50400, 50407, 43094, 53382, 44975, 50109, 50759, 49426, 51937, 51678, 51423, 53733, 47726, 33714, 50860, 49710, 52709, 50526],
"helperSuccessfuls":[0, 0, 0, 4, 4, 4, 0, 6, 6, 0, 7, 1, 10, 0, 10, 0, 1, 6, 0, 1, 2],
"helperTrieds":[0, 0, 601, 601, 601, 601, 601, 601, 601, 601, 601, 601, 601, 601, 210, 601, 601, 601, 601, 25, 478],
"regularSuccessfuls":[0, 1513, 142, 89, 41, 31, 37, 16, 19, 28, 18, 5, 22, 3, 32, 24, 5, 2, 2, 10, 7],
"regularTrieds":[0, 7537, 5413, 5604, 4840, 4997, 6897, 6613, 6794, 9922, 9197, 10378, 10501, 9883, 7768, 9076, 8470, 8074, 9779, 11198, 12566],
"helperImprovements":[0.0, 0.0, 0.0, 4.141703411711205, 12.806399217588478, 10.423492038004042, 0.0, 5.982977567320631, 9.315404933680838, 0.0, 2.781009192680358, 0.13945536837854888, 42.32001294470683, 0.0, 26.437913256253523, 0.0, 3.750804217583209, 4.8851611376449, 0.0, 0.2196412028861232, 2.214297385813552],
"regularImprovements":[0.0, 22722.18186737851, 751.2123202227376, 415.9812062625642, 165.68322488306148, 142.98973636297887, 111.6966278970649, 84.75675604334538, 53.12702246693516, 87.55049390197382, 126.21509165466705, 80.45443555315433, 51.953983768260514, 26.602935114933643, 127.48251675099891, 51.91231072507799, 13.762118402861233, 1.8016953333717538, 7.47408651663136, 24.734638346351858, 16.752463136741426],
"numWorkings":[0, 200, 200, 193, 196, 195, 186, 196, 191, 188, 192, 198, 193, 194, 200, 195, 85, 28, 191, 200, 200],
"totalWorkingTimes":[0, 11777885, 11198128, 10502700, 10498169, 10263408, 10396791, 9752029, 10120381, 10445944, 9985118, 9985244, 10275435, 10372560, 11162246, 10247688, 7767143, 7330480, 9975575, 10577807, 10548758]}