
&{"problemName":"rc110_1.txt",
"populationK":1,
"lsRunTime":70000,
"addFirstNeighborhoods":true,
"numHelperNeighborhoods":600,
"numRounds":20,
"numMappers":200,
"roundLengths":[0, 86220, 82018, 81710, 79768, 83963, 76739, 88876, 161070, 87896, 78796, 82621, 77864, 81691, 78624, 79741, 88667, 82863, 80365, 82811, 91824],
"bestSolCosts":[68813.78138310464, 50196.70166637609, 49344.48473565069, 48817.912804543135, 48515.345038021514, 48113.233702940575, 47992.75949031778, 47901.78056442822, 47825.01459494202, 47705.689140535134, 47657.925527448846, 47609.75088110404, 47560.62268173092, 47513.13640809392, 47433.04184673856, 47415.20604284764, 47400.42658849835, 47384.30335572749, 47379.44426284738, 47365.22514536218, 47348.20739817954],
"helperTimes":[0, 0, 981, 7883, 2971, 6816, 4185, 2367, 2701, 3553, 5798, 2871, 2894, 5258, 1750, 2558, 4801, 904, 1422, 91, 544],
"regularTimes":[0, 59545, 52913, 48979, 48639, 40658, 50017, 56497, 54305, 49946, 51339, 50547, 51709, 46826, 50686, 53330, 58976, 55679, 49994, 51215, 39777],
"helperSuccessfuls":[0, 0, 0, 3, 3, 15, 2, 4, 7, 8, 2, 3, 4, 2, 5, 3, 1, 1, 0, 0, 3],
"helperTrieds":[0, 0, 601, 601, 601, 601, 601, 601, 601, 601, 601, 601, 601, 601, 601, 601, 601, 114, 219, 6, 17],
"regularSuccessfuls":[0, 1429, 163, 79, 79, 36, 26, 24, 14, 22, 11, 19, 17, 11, 13, 2, 1, 2, 3, 3, 3],
"regularTrieds":[0, 8328, 5411, 4227, 7079, 7009, 4980, 6968, 8051, 6471, 9701, 9193, 12993, 9426, 11427, 14111, 10028, 18626, 10242, 15968, 10666],
"helperImprovements":[0.0, 0.0, 0.0, 15.521241765694867, 4.762129980437749, 98.61749003851583, 5.404421931234538, 6.171743419239647, 3.709439829530311, 23.219344951881794, 1.7512142209743615, 8.38478824764752, 2.223860571801197, 4.417772179403983, 24.628032936656382, 6.391225275612669, 6.861452341385302, 0.3700427491858136, 0.0, 0.0, 4.304261010634946],
"regularImprovements":[0.0, 23535.250289421863, 852.2169307254007, 511.0506893418569, 297.80563654118305, 303.49384504242335, 115.06979069155932, 84.807182470322, 73.05652965667105, 96.1061094550023, 46.012398865314026, 39.789858097159595, 46.904338801316044, 43.06850145760109, 55.466528418699454, 11.444578615308274, 7.918002007907489, 15.753190021670889, 4.859092880113167, 14.219117485197785, 12.713486172004195],
"numWorkings":[0, 200, 200, 199, 193, 197, 189, 197, 197, 198, 198, 197, 191, 183, 194, 199, 198, 200, 200, 200, 200],
"totalWorkingTimes":[0, 11890076, 10812110, 11380351, 10271336, 9643314, 10376038, 11259235, 11413242, 10572932, 11390707, 10562284, 9811895, 9682104, 10183192, 11074950, 9976330, 11322461, 10645353, 10205512, 8513845]}