M{"problemName":"rc110_1.txt",
"populationK":1,
"lsRunTime":70000,
"addFirstNeighborhoods":true,
"numHelperNeighborhoods":0,
"numRounds":20,
"numMappers":1,
"roundLengths":[0, 90071, 80864, 81791, 77926, 83063, 77718, 82300, 82466, 79002, 82104, 82729, 79870, 78721, 79078, 80529, 83917, 80055, 78746, 83181, 79858],
"bestSolCosts":[93268.74729974751, 54909.39079716664, 54042.6180343385, 53843.3616698119, 53165.493586772114, 52328.91689221726, 52070.94881424403, 51983.718573297374, 51928.72222881177, 51800.49518293427, 51784.57155541733, 51774.996520477405, 51774.996520477405, 51774.996520477405, 51739.57270175705, 51739.57270175705, 51625.41750350627, 51614.38988167801, 51613.67280595576, 51596.112455174945, 51564.48901881896],
"helperTimes":[0, 0, 0, 0, 0, 0, 0, 0, 0, 0, 0, 0, 0, 0, 0, 0, 0, 0, 0, 0, 0],
"regularTimes":[0, 73077, 60981, 51736, 56780, 59649, 57371, 59303, 59470, 59993, 59874, 61347, 58641, 58630, 59754, 52967, 55047, 54215, 54708, 57706, 54556],
"helperSuccessfuls":[0, 0, 0, 0, 0, 0, 0, 0, 0, 0, 0, 0, 0, 0, 0, 0, 0, 0, 0, 0, 0],
"helperTrieds":[0, 0, 0, 0, 0, 0, 0, 0, 0, 0, 0, 0, 0, 0, 0, 0, 0, 0, 0, 0, 0],
"regularSuccessfuls":[0, 1599, 112, 52, 116, 97, 49, 28, 28, 17, 12, 9, 0, 0, 7, 0, 20, 1, 1, 2, 3],
"regularTrieds":[0, 9396, 1261, 2072, 4363, 4562, 3089, 8133, 5670, 8659, 8642, 7818, 8562, 6143, 8691, 7592, 6166, 6251, 6788, 7460, 7457],
"helperImprovements":[0.0, 0.0, 0.0, 0.0, 0.0, 0.0, 0.0, 0.0, 0.0, 0.0, 0.0, 0.0, 0.0, 0.0, 0.0, 0.0, 0.0, 0.0, 0.0, 0.0, 0.0],
"regularImprovements":[0.0, 38359.35650258087, 866.7727628281427, 199.2563645265982, 677.8680830397861, 836.576694554853, 257.9680779732298, 87.23024094665743, 54.99634448560391, 128.22704587750195, 15.923627516938723, 9.57503493992408, 0.0, 0.0, 35.423818720351846, 0.0, 114.15519825078081, 11.027621828259726, 0.7170757222556858, 17.56035078081186, 31.623436355985177],
"numWorkings":[0, 1, 1, 1, 1, 1, 1, 1, 1, 1, 1, 1, 1, 1, 1, 1, 1, 1, 1, 1, 1],
"totalWorkingTimes":[0, 73077, 60981, 51736, 56780, 59649, 57371, 59303, 59470, 59993, 59874, 61347, 58641, 58630, 59754, 52967, 55047, 54215, 54708, 57706, 54556]}