N{"problemName":"rc110_1.txt",
"populationK":1,
"lsRunTime":70000,
"addFirstNeighborhoods":true,
"numHelperNeighborhoods":0,
"numRounds":20,
"numMappers":1,
"roundLengths":[0, 83062, 78856, 83573, 79939, 80047, 79439, 79949, 79056, 79039, 83094, 79621, 79429, 80809, 81807, 78041, 77799, 79815, 80906, 81253, 77786],
"bestSolCosts":[87333.22475765698, 50957.76484460814, 50263.33013032232, 50048.11474176116, 49906.22289436151, 49833.49264100024, 49707.07824480223, 49698.1814657837, 49617.19098312405, 49553.44220078096, 49543.43895091385, 49519.36793152983, 49513.399176871404, 49488.51209088405, 49482.28827655463, 49482.28827655463, 49482.28827655463, 49482.28827655463, 49435.30468164209, 49428.34717648994, 49421.58427887982],
"helperTimes":[0, 0, 0, 0, 0, 0, 0, 0, 0, 0, 0, 0, 0, 0, 0, 0, 0, 0, 0, 0, 0],
"regularTimes":[0, 63888, 58304, 59798, 56369, 56807, 57617, 60354, 57092, 61477, 60571, 57843, 56955, 61710, 52397, 58187, 57742, 58960, 57785, 58690, 49682],
"helperSuccessfuls":[0, 0, 0, 0, 0, 0, 0, 0, 0, 0, 0, 0, 0, 0, 0, 0, 0, 0, 0, 0, 0],
"helperTrieds":[0, 0, 0, 0, 0, 0, 0, 0, 0, 0, 0, 0, 0, 0, 0, 0, 0, 0, 0, 0, 0],
"regularSuccessfuls":[0, 1784, 115, 49, 47, 26, 33, 8, 25, 12, 10, 7, 5, 15, 3, 0, 0, 0, 6, 9, 2],
"regularTrieds":[0, 10466, 4528, 7143, 7931, 10440, 5832, 9144, 9153, 9928, 16057, 9243, 8769, 12636, 9104, 11402, 10211, 10585, 13322, 8930, 8496],
"helperImprovements":[0.0, 0.0, 0.0, 0.0, 0.0, 0.0, 0.0, 0.0, 0.0, 0.0, 0.0, 0.0, 0.0, 0.0, 0.0, 0.0, 0.0, 0.0, 0.0, 0.0, 0.0],
"regularImprovements":[0.0, 36375.45991304884, 694.4347142858169, 215.2153885611624, 141.89184739964548, 72.73025336127466, 126.41439619800803, 8.896779018527013, 80.99048265965394, 63.74878234308562, 10.003249867113482, 24.071019384020474, 5.9687546584245865, 24.88708598735684, 6.2238143294162, 0.0, 0.0, 0.0, 46.983594912540866, 6.957505152153317, 6.762897610118671],
"numWorkings":[0, 1, 1, 1, 1, 1, 1, 1, 1, 1, 1, 1, 1, 1, 1, 1, 1, 1, 1, 1, 1],
"totalWorkingTimes":[0, 63888, 58304, 59798, 56369, 56807, 57617, 60354, 57092, 61477, 60571, 57843, 56955, 61710, 52397, 58187, 57742, 58960, 57785, 58690, 49682]}