^{"problemName":"rc110_1.txt",
"populationK":1,
"lsRunTime":70000,
"addFirstNeighborhoods":true,
"numHelperNeighborhoods":0,
"numRounds":20,
"numMappers":1,
"roundLengths":[0, 83059, 82864, 79254, 78457, 82443, 80062, 79777, 81225, 79043, 83103, 78002, 80034, 82838, 79776, 82049, 79977, 79742, 83441, 75911, 80055],
"bestSolCosts":[82451.83056983465, 51668.65721992423, 50973.252427923384, 50651.73883775511, 50507.237023542, 50476.36501405734, 50370.04650752358, 49914.15111070131, 49603.99385824, 49485.79755798067, 49353.373246628034, 49290.44689716124, 49279.278118967406, 49278.7090240884, 49268.991624872266, 49262.67544886747, 49258.54088691432, 49250.042126055836, 49250.042126055836, 49245.231022608416, 49245.231022608416],
"helperTimes":[0, 0, 0, 0, 1, 0, 0, 0, 0, 0, 0, 0, 0, 0, 0, 0, 0, 0, 0, 0, 0],
"regularTimes":[0, 65084, 61711, 52688, 58969, 60748, 54078, 60121, 57933, 59334, 58948, 59974, 57137, 61200, 58997, 55866, 55562, 58894, 60313, 50594, 59242],
"helperSuccessfuls":[0, 0, 0, 0, 0, 0, 0, 0, 0, 0, 0, 0, 0, 0, 0, 0, 0, 0, 0, 0, 0],
"helperTrieds":[0, 0, 0, 0, 0, 0, 0, 0, 0, 0, 0, 0, 0, 0, 0, 0, 0, 0, 0, 0, 0],
"regularSuccessfuls":[0, 1435, 137, 57, 30, 19, 25, 68, 50, 17, 21, 17, 4, 2, 1, 5, 2, 2, 0, 5, 0],
"regularTrieds":[0, 7541, 2761, 1445, 10062, 7059, 7666, 5168, 7216, 5383, 8054, 8081, 8074, 9519, 9901, 8857, 9591, 8207, 11529, 7543, 9460],
"helperImprovements":[0.0, 0.0, 0.0, 0.0, 0.0, 0.0, 0.0, 0.0, 0.0, 0.0, 0.0, 0.0, 0.0, 0.0, 0.0, 0.0, 0.0, 0.0, 0.0, 0.0, 0.0],
"regularImprovements":[0.0, 30783.173349910423, 695.4047920008452, 321.51359016827337, 144.50181421310845, 30.872009484664886, 106.31850653376023, 455.8953968222704, 310.1572524613075, 118.19630025932565, 132.42431135263905, 62.92634946679755, 11.168778193830804, 0.5690948790070252, 9.717399216133344, 6.316176004795125, 4.134561953149387, 8.498760858485184, 0.0, 4.811103447420464, 0.0],
"numWorkings":[0, 1, 1, 1, 1, 1, 1, 1, 1, 1, 1, 1, 1, 1, 1, 1, 1, 1, 1, 1, 1],
"totalWorkingTimes":[0, 65084, 61711, 52688, 58970, 60748, 54078, 60121, 57933, 59334, 58948, 59974, 57137, 61200, 58997, 55866, 55562, 58894, 60313, 50594, 59242]}