s{"problemName":"rc110_1.txt",
"populationK":1,
"lsRunTime":70000,
"addFirstNeighborhoods":true,
"numHelperNeighborhoods":0,
"numRounds":20,
"numMappers":1,
"roundLengths":[0, 83831, 79785, 91136, 76917, 79693, 78184, 83179, 80078, 80259, 77629, 84329, 78451, 79154, 92232, 78310, 78300, 79923, 83675, 79079, 79854],
"bestSolCosts":[77630.29026503762, 52273.107356815286, 51892.904131749245, 51685.216109133195, 51340.554035944246, 51153.07775424337, 51022.05719473556, 50912.36234233352, 50851.78429103969, 50569.02312518993, 50526.83761535126, 50256.180370380964, 50191.75349502119, 50090.15196928561, 49864.73576784649, 49768.00065963336, 49767.041265808744, 49719.1070729146, 49699.00752746035, 49690.51569180298, 49690.51569180298],
"helperTimes":[0, 0, 0, 0, 0, 0, 0, 0, 0, 0, 0, 0, 0, 0, 0, 0, 0, 0, 0, 0, 0],
"regularTimes":[0, 63395, 61229, 69751, 55140, 60083, 50768, 64160, 61236, 58027, 58901, 64512, 59465, 56505, 69820, 55131, 53621, 54379, 56403, 55246, 52952],
"helperSuccessfuls":[0, 0, 0, 0, 0, 0, 0, 0, 0, 0, 0, 0, 0, 0, 0, 0, 0, 0, 0, 0, 0],
"helperTrieds":[0, 0, 0, 0, 0, 0, 0, 0, 0, 0, 0, 0, 0, 0, 0, 0, 0, 0, 0, 0, 0],
"regularSuccessfuls":[0, 1309, 49, 26, 68, 48, 22, 29, 18, 39, 15, 41, 14, 39, 38, 35, 2, 11, 4, 8, 0],
"regularTrieds":[0, 8624, 2005, 694, 1732, 1833, 2948, 3302, 4472, 3999, 6070, 5777, 8125, 5845, 5236, 10782, 6704, 5527, 6625, 7047, 6900],
"helperImprovements":[0.0, 0.0, 0.0, 0.0, 0.0, 0.0, 0.0, 0.0, 0.0, 0.0, 0.0, 0.0, 0.0, 0.0, 0.0, 0.0, 0.0, 0.0, 0.0, 0.0, 0.0],
"regularImprovements":[0.0, 25357.182908222334, 380.20322506604134, 207.68802261605015, 344.66207318894885, 187.4762817008741, 131.02055950781505, 109.69485240203358, 60.578051293836324, 282.76116584975534, 42.18550983867317, 270.6572449702944, 64.42687535977166, 101.60152573558298, 225.4162014391186, 96.73510821312811, 0.9593938246180187, 47.93419289414305, 20.099545454249892, 8.491835657368938, 0.0],
"numWorkings":[0, 1, 1, 1, 1, 1, 1, 1, 1, 1, 1, 1, 1, 1, 1, 1, 1, 1, 1, 1, 1],
"totalWorkingTimes":[0, 63395, 61229, 69751, 55140, 60083, 50768, 64160, 61236, 58027, 58901, 64512, 59465, 56505, 69820, 55131, 53621, 54379, 56403, 55246, 52952]}