ž{"problemName":"rc110_1.txt",
"populationK":1,
"lsRunTime":70000,
"addFirstNeighborhoods":true,
"numHelperNeighborhoods":0,
"numRounds":20,
"numMappers":2,
"roundLengths":[0, 84878, 77688, 82034, 78017, 79439, 80007, 78993, 81077, 80029, 77421, 84200, 77800, 84135, 77864, 81369, 81989, 79065, 81481, 79552, 79047],
"bestSolCosts":[76031.20281599351, 50960.60024922084, 49622.60062049179, 49306.309631478434, 49112.2261499604, 49036.69929416669, 48949.25897816701, 48932.32367546396, 48917.05179314489, 48836.315975959114, 48815.75171856949, 48747.87104239967, 48693.117118817754, 48627.27543581551, 48602.99666502907, 48534.42325477305, 48487.660058026384, 48471.24335502183, 48471.24335502183, 48463.70787258057, 48435.35526658796],
"helperTimes":[0, 0, 20, 16, 32, 16, 29, 17, 67, 56, 20, 0, 29, 16, 55, 0, 117, 32, 82, 0, 0],
"regularTimes":[0, 65387, 59451, 60749, 53203, 60643, 59703, 58656, 56855, 59184, 52903, 61618, 57318, 61518, 56344, 59853, 59508, 58117, 57166, 57911, 56405],
"helperSuccessfuls":[0, 0, 0, 0, 0, 0, 0, 0, 1, 0, 0, 0, 0, 0, 0, 0, 0, 0, 0, 0, 0],
"helperTrieds":[0, 0, 1, 1, 1, 1, 1, 1, 1, 1, 1, 0, 1, 1, 1, 0, 1, 1, 1, 0, 0],
"regularSuccessfuls":[0, 1426, 205, 69, 34, 12, 26, 10, 8, 11, 5, 17, 16, 6, 18, 19, 4, 9, 0, 4, 4],
"regularTrieds":[0, 7574, 3903, 2075, 3814, 7036, 6410, 6478, 7713, 5359, 7777, 9629, 8079, 9063, 9883, 8876, 10719, 8235, 8565, 10948, 10115],
"helperImprovements":[0.0, 0.0, 0.0, 0.0, 0.0, 0.0, 0.0, 0.0, 2.0721842361381277, 0.0, 0.0, 0.0, 0.0, 0.0, 0.0, 0.0, 0.0, 0.0, 0.0, 0.0, 0.0],
"regularImprovements":[0.0, 25070.60256677267, 1337.999628729056, 316.2909890133524, 194.08348151803511, 75.52685579370882, 87.44031599968002, 16.935302703052002, 13.19969808292808, 80.7358171857777, 20.56425738962571, 67.88067616982153, 54.753923581913114, 65.84168300224701, 24.278770786433597, 68.57341025602364, 46.763196746665926, 16.41670300455735, 0.0, 7.535482441257045, 28.352605992608005],
"numWorkings":[0, 2, 2, 2, 2, 2, 2, 2, 2, 2, 2, 2, 2, 2, 2, 2, 2, 2, 2, 2, 2],
"totalWorkingTimes":[0, 130792, 118985, 119815, 104420, 120102, 119363, 117451, 113847, 118591, 105748, 123130, 114861, 122896, 112822, 119914, 119115, 116502, 114849, 115453, 113223]}