	K{"problemName":"rc110_1.txt",
"populationK":1,
"lsRunTime":70000,
"addFirstNeighborhoods":true,
"numHelperNeighborhoods":0,
"numRounds":20,
"numMappers":500,
"roundLengths":[0, 139134, 84682, 84714, 79573, 80656, 79770, 80607, 88687, 85743, 85578, 78654, 80573, 80565, 89618, 79583, 80642, 79569, 79538, 80574, 80615],
"bestSolCosts":[69355.59358596228, 49347.833431797786, 48826.77909431637, 48589.31564650314, 48419.03838261521, 48239.90201157876, 48045.22223830514, 47926.61846979503, 47808.252195165594, 47741.32821628516, 47711.38477970072, 47695.94486995941, 47668.170945705606, 47602.22031766531, 47583.675010699226, 47560.44245403675, 47519.88462991491, 47499.15753474562, 47475.52443380323, 47470.117938917196, 47457.52486105342],
"helperTimes":[0, 0, 68, 15, 31, 162, 18, 24, 36, 38, 77, 20, 88, 16, 93, 30, 48, 93, 235, 116, 24],
"regularTimes":[0, 61003, 53743, 60932, 54538, 55625, 48390, 55762, 55397, 60202, 58362, 55529, 57930, 55002, 55829, 54486, 55104, 55335, 55063, 52176, 57117],
"helperSuccessfuls":[0, 0, 0, 0, 0, 0, 0, 0, 0, 0, 1, 0, 0, 0, 1, 0, 0, 1, 1, 1, 0],
"helperTrieds":[0, 0, 1, 1, 1, 1, 1, 1, 1, 1, 1, 1, 1, 1, 1, 1, 1, 1, 1, 1, 1],
"regularSuccessfuls":[0, 1600, 88, 53, 24, 31, 37, 22, 28, 26, 16, 7, 9, 14, 14, 7, 10, 3, 4, 3, 9],
"regularTrieds":[0, 9320, 4196, 7437, 6553, 5529, 6705, 3503, 9629, 11471, 10375, 9473, 10019, 9943, 11860, 9481, 11135, 11004, 6943, 11483, 15400],
"helperImprovements":[0.0, 0.0, 0.0, 0.0, 0.0, 0.0, 0.0, 0.0, 0.0, 0.0, 1.9457511336368043, 0.0, 0.0, 0.0, 0.3991893962229369, 0.0, 0.0, 14.790390712143562, 6.895222977560479, 1.1074567455798388, 0.0],
"regularImprovements":[0.0, 35217.615634438436, 521.0543374814151, 237.4634478132284, 170.27726388793235, 179.13637103645306, 194.67977327361587, 118.60376851011097, 118.3662746294358, 66.92397888043342, 27.997685450805875, 15.439909741311567, 27.773924253800942, 65.95062804029294, 18.146117569864145, 23.2325566624786, 40.557824121839076, 5.936704457148153, 16.73787796482793, 4.299038140452467, 12.59307786377758],
"numWorkings":[0, 500, 500, 495, 500, 500, 493, 500, 500, 500, 494, 500, 492, 485, 500, 495, 499, 499, 495, 500, 500],
"totalWorkingTimes":[0, 30351109, 27225035, 22841225, 25857365, 28425296, 24125320, 28165013, 28464748, 28265742, 28079649, 27040566, 27660905, 27365656, 28532459, 26832305, 27966427, 27458539, 27172715, 26937025, 28424710]}