‡{"problemName":"rc110_1.txt",
"populationK":1,
"lsRunTime":70000,
"addFirstNeighborhoods":true,
"numHelperNeighborhoods":0,
"numRounds":20,
"numMappers":2,
"roundLengths":[0, 83998, 79860, 78747, 80327, 81083, 77616, 78998, 79764, 81083, 77731, 82625, 79414, 79841, 79921, 81896, 80767, 80604, 79154, 80554, 78048],
"bestSolCosts":[70402.03318056613, 51609.42948519639, 51227.77008087308, 51013.47410896969, 50763.869561754196, 50488.973432641425, 50352.89316038189, 50109.545846222245, 50013.0134486703, 49988.44243597933, 49815.56586487998, 49815.56586487998, 49803.04652290607, 49793.63843279162, 49716.96307313927, 49712.006509997664, 49684.7180212746, 49673.87157751604, 49664.022898785304, 49664.022898785304, 49664.022898785304],
"helperTimes":[0, 0, 14, 28, 47, 23, 16, 21, 28, 21, 21, 34, 0, 32, 33, 25, 15, 0, 26, 46, 0],
"regularTimes":[0, 64896, 60533, 55362, 57447, 58591, 59175, 53960, 59015, 61384, 59536, 61156, 58504, 59209, 58383, 59297, 58967, 56589, 56406, 56525, 57351],
"helperSuccessfuls":[0, 0, 0, 0, 0, 0, 0, 0, 0, 0, 0, 0, 0, 1, 0, 0, 0, 0, 0, 0, 0],
"helperTrieds":[0, 0, 1, 1, 1, 1, 1, 1, 1, 1, 1, 1, 0, 1, 1, 1, 1, 0, 1, 1, 0],
"regularSuccessfuls":[0, 1092, 77, 63, 45, 79, 38, 49, 31, 17, 20, 0, 3, 5, 21, 3, 3, 6, 4, 0, 0],
"regularTrieds":[0, 8529, 9907, 7217, 6828, 5396, 3360, 6438, 6934, 9240, 9219, 9595, 10493, 9104, 9824, 8551, 10520, 8554, 11348, 10828, 10283],
"helperImprovements":[0.0, 0.0, 0.0, 0.0, 0.0, 0.0, 0.0, 0.0, 0.0, 0.0, 0.0, 0.0, 0.0, 1.5546063466390478, 0.0, 0.0, 0.0, 0.0, 0.0, 0.0, 0.0],
"regularImprovements":[0.0, 18792.603695369733, 381.65940432331263, 214.29597190338973, 249.60454721549468, 274.8961291127707, 136.08027225953265, 243.3473141596478, 96.53239755194227, 24.571012690976204, 172.87657109934662, 0.0, 12.519341973908013, 7.853483767816215, 76.67535965234856, 4.95656314160442, 27.288488723061164, 10.84644375856442, 9.848678730733809, 0.0, 0.0],
"numWorkings":[0, 2, 2, 2, 2, 2, 2, 2, 2, 2, 2, 2, 2, 2, 2, 2, 2, 2, 2, 2, 2],
"totalWorkingTimes":[0, 129655, 117337, 109533, 114818, 116320, 118013, 108453, 117807, 122737, 119005, 122456, 114538, 118646, 116697, 118976, 117863, 112954, 113097, 113069, 114551]}