—{"problemName":"rc110_1.txt",
"populationK":1,
"lsRunTime":70000,
"addFirstNeighborhoods":true,
"numHelperNeighborhoods":0,
"numRounds":20,
"numMappers":2,
"roundLengths":[0, 83054, 80894, 80332, 81365, 78689, 77181, 80191, 78945, 80191, 78797, 82339, 79442, 80018, 78831, 82834, 79997, 81237, 81579, 80173, 79858],
"bestSolCosts":[76570.74373295691, 50690.44373744593, 50178.51890201448, 49967.47453444589, 49792.531254978, 49556.97814551355, 49388.36340885709, 49283.228120769294, 49188.83336177264, 49046.985848656426, 49031.84767425212, 49017.01226100984, 48975.589047583744, 48823.05355645122, 48802.76880979507, 48783.23496957296, 48740.18684337689, 48739.99930415114, 48739.99930415114, 48733.39031457205, 48733.39031457205],
"helperTimes":[0, 0, 12, 27, 24, 23, 26, 18, 28, 14, 24, 0, 31, 17, 16, 118, 30, 1, 0, 0, 0],
"regularTimes":[0, 64082, 56686, 55137, 55987, 56292, 52205, 61560, 59010, 60521, 58792, 56055, 59429, 59210, 59318, 54585, 54539, 57548, 58008, 55822, 57862],
"helperSuccessfuls":[0, 0, 0, 0, 0, 0, 0, 0, 0, 1, 0, 0, 0, 0, 0, 0, 0, 0, 0, 0, 0],
"helperTrieds":[0, 0, 1, 1, 1, 1, 1, 1, 1, 1, 1, 0, 1, 1, 1, 1, 1, 0, 0, 0, 0],
"regularSuccessfuls":[0, 1602, 116, 59, 36, 63, 47, 44, 15, 31, 8, 5, 16, 16, 10, 8, 16, 3, 0, 6, 0],
"regularTrieds":[0, 9346, 5293, 5478, 4563, 5933, 7485, 9390, 8604, 9246, 10154, 9560, 9496, 10969, 8147, 9587, 11248, 9971, 9869, 10705, 11526],
"helperImprovements":[0.0, 0.0, 0.0, 0.0, 0.0, 0.0, 0.0, 0.0, 0.0, 1.7777715556439944, 0.0, 0.0, 0.0, 0.0, 0.0, 0.0, 0.0, 0.0, 0.0, 0.0, 0.0],
"regularImprovements":[0.0, 25880.299995510977, 511.9248354314477, 211.04436756858922, 174.94327946789417, 235.5531094644466, 168.6147366564619, 105.13528808779665, 94.39475899665558, 140.06974156056822, 15.138174404302845, 14.835413242282812, 41.42321342609648, 152.53549113252666, 20.284746656150674, 19.533840222109575, 43.04812619606673, 0.18753922574978787, 0.0, 6.608989579093759, 0.0],
"numWorkings":[0, 2, 2, 2, 2, 2, 2, 2, 2, 2, 2, 2, 2, 2, 2, 2, 2, 2, 2, 2, 2],
"totalWorkingTimes":[0, 128152, 113368, 110220, 111953, 114268, 105095, 123367, 117778, 121069, 117792, 116607, 119154, 118513, 118432, 109096, 111084, 114940, 115766, 111324, 115316]}