~{"problemName":"rc110_1.txt",
"populationK":1,
"lsRunTime":70000,
"addFirstNeighborhoods":true,
"numHelperNeighborhoods":0,
"numRounds":20,
"numMappers":2,
"roundLengths":[0, 82883, 78099, 80670, 76970, 81519, 79988, 79963, 80124, 81950, 79532, 81278, 78712, 79891, 83088, 89461, 78204, 80103, 80161, 79492, 78867],
"bestSolCosts":[78394.38902623078, 51431.8575942601, 50529.032387469866, 50356.88398260672, 50116.267509163205, 49999.50585160158, 49974.33700697304, 49909.82743356729, 49885.46892452987, 49875.208944332946, 49861.589985706094, 49861.589985706094, 49778.84247476017, 49778.84247476017, 49754.4762188963, 49741.06269282416, 49708.51434743431, 49698.68505875859, 49698.68505875859, 49663.22415627153, 49584.9433693515],
"helperTimes":[0, 0, 13, 36, 28, 22, 25, 26, 23, 25, 101, 79, 0, 0, 0, 0, 0, 40, 29, 0, 27],
"regularTimes":[0, 64462, 58287, 59094, 56819, 58337, 58460, 56003, 57243, 56510, 56807, 59996, 49664, 60699, 59414, 54265, 55874, 60336, 58562, 56946, 57270],
"helperSuccessfuls":[0, 0, 0, 0, 0, 0, 0, 0, 0, 0, 1, 0, 0, 0, 0, 0, 0, 0, 0, 0, 0],
"helperTrieds":[0, 0, 1, 1, 1, 1, 1, 1, 1, 1, 1, 1, 0, 0, 0, 0, 0, 1, 1, 0, 1],
"regularSuccessfuls":[0, 1365, 126, 39, 32, 36, 6, 14, 7, 8, 3, 0, 7, 0, 5, 5, 3, 7, 0, 2, 20],
"regularTrieds":[0, 12348, 6790, 9848, 10414, 5447, 9718, 6896, 8100, 6417, 12322, 11370, 10186, 9239, 8741, 7616, 8211, 10833, 9377, 8463, 9066],
"helperImprovements":[0.0, 0.0, 0.0, 0.0, 0.0, 0.0, 0.0, 0.0, 0.0, 0.0, 0.1277776615897892, 0.0, 0.0, 0.0, 0.0, 0.0, 0.0, 0.0, 0.0, 0.0, 0.0],
"regularImprovements":[0.0, 26962.53143197068, 902.8252067902358, 172.14840486314642, 240.61647344351513, 116.76165756162663, 25.168844628540683, 64.50957340574678, 24.358509037418116, 10.259980196926335, 13.491180965262174, 0.0, 82.74751094592648, 0.0, 24.36625586386799, 13.413526072137756, 32.54834538984869, 9.829288675726275, 0.0, 35.460902487058775, 78.280786920026],
"numWorkings":[0, 2, 2, 2, 2, 2, 2, 2, 2, 2, 2, 2, 2, 2, 2, 2, 2, 2, 2, 2, 2],
"totalWorkingTimes":[0, 128878, 112088, 117778, 113955, 117867, 116318, 111945, 114336, 113661, 114457, 119830, 99386, 121558, 118660, 126602, 111922, 115101, 117219, 110522, 114606]}