Æ{"problemName":"rc110_1.txt",
"populationK":1,
"lsRunTime":70000,
"addFirstNeighborhoods":true,
"numHelperNeighborhoods":0,
"numRounds":20,
"numMappers":5,
"roundLengths":[0, 81938, 78860, 81364, 74831, 77948, 82470, 79153, 78533, 79953, 81082, 79718, 79440, 81024, 77823, 81682, 80338, 83055, 81116, 79628, 78826],
"bestSolCosts":[71070.62607611234, 50547.73805092858, 50165.77792246576, 49934.81109165227, 49807.09489538382, 49661.53682429172, 49624.528349449945, 49616.842444248774, 49608.68981432945, 49587.23766080666, 49585.037417635634, 49545.47442918732, 49507.64812011603, 49474.72962345639, 49440.313864295604, 49429.85560934802, 49427.32885557172, 49418.693203953706, 49391.7429132987, 49391.7429132987, 49391.7429132987],
"helperTimes":[0, 0, 12, 46, 39, 28, 215, 41, 36, 22, 34, 27, 54, 52, 137, 141, 27, 41, 21, 42, 0],
"regularTimes":[0, 64745, 57192, 61508, 50909, 58789, 59813, 58616, 52923, 61751, 58837, 60243, 58707, 58377, 57799, 60533, 57303, 55999, 54107, 55724, 53118],
"helperSuccessfuls":[0, 0, 0, 0, 0, 0, 0, 0, 0, 0, 0, 1, 1, 0, 1, 0, 0, 0, 1, 0, 0],
"helperTrieds":[0, 0, 1, 1, 1, 1, 1, 1, 1, 1, 1, 1, 1, 1, 1, 1, 1, 1, 1, 1, 0],
"regularSuccessfuls":[0, 1433, 88, 54, 30, 30, 8, 6, 3, 10, 1, 7, 14, 10, 7, 6, 6, 5, 5, 0, 0],
"regularTrieds":[0, 10809, 5838, 6904, 8380, 9309, 10594, 9769, 8264, 9100, 10658, 7676, 10188, 8085, 11189, 9865, 10736, 11039, 9664, 11954, 9160],
"helperImprovements":[0.0, 0.0, 0.0, 0.0, 0.0, 0.0, 0.0, 0.0, 0.0, 0.0, 0.0, 0.041064293567615096, 0.5486210863382439, 0.0, 1.3056554325085017, 0.0, 0.0, 0.0, 0.8971612629393348, 0.0, 0.0],
"regularImprovements":[0.0, 26487.519731428845, 381.96012846282247, 230.966830813486, 127.71619626844767, 145.55807109210582, 37.00847484177211, 7.685905201171408, 8.152629919321043, 21.452153522790468, 2.200243171027978, 39.52192415474565, 37.277687984955264, 32.91849665963673, 33.11010372827877, 10.458254947581736, 2.5267537762993015, 8.635651618016709, 26.053129392064875, 0.0, 0.0],
"numWorkings":[0, 5, 5, 5, 5, 5, 5, 5, 5, 5, 5, 5, 5, 5, 5, 5, 5, 5, 5, 5, 5],
"totalWorkingTimes":[0, 319190, 292929, 297827, 260525, 294715, 277880, 293671, 267954, 312295, 295134, 302582, 295505, 293814, 285581, 303011, 287579, 282685, 272650, 271756, 265835]}