•{"problemName":"rc110_1.txt",
"populationK":1,
"lsRunTime":70000,
"addFirstNeighborhoods":true,
"numHelperNeighborhoods":0,
"numRounds":20,
"numMappers":5,
"roundLengths":[0, 82824, 79014, 79360, 80749, 78198, 77564, 77892, 77752, 80730, 79095, 84716, 78242, 81663, 78604, 76913, 79952, 79970, 77941, 80816, 79796],
"bestSolCosts":[79921.79035839908, 52254.613272807626, 51407.26321186563, 51015.39107541501, 50729.13113794227, 50653.650636950646, 50464.08365714682, 50296.01773993173, 50243.088795203475, 50190.25415155942, 50171.90963053146, 50115.75321425588, 50089.58880333108, 50003.44833776247, 49917.962089127795, 49880.77671942108, 49809.970072301454, 49809.970072301454, 49809.970072301454, 49805.00457283787, 49805.00457283787],
"helperTimes":[0, 0, 12, 35, 211, 21, 67, 55, 24, 26, 29, 18, 65, 33, 38, 63, 40, 49, 0, 1, 66],
"regularTimes":[0, 63141, 59369, 55285, 58127, 57512, 56063, 60683, 59716, 58593, 57980, 60769, 56709, 60144, 54345, 54173, 57320, 57714, 55056, 58110, 57487],
"helperSuccessfuls":[0, 0, 0, 0, 0, 0, 0, 0, 0, 0, 0, 0, 1, 0, 0, 0, 1, 0, 0, 0, 0],
"helperTrieds":[0, 0, 1, 1, 1, 1, 1, 1, 1, 1, 1, 1, 1, 1, 1, 1, 1, 1, 0, 0, 1],
"regularSuccessfuls":[0, 1760, 154, 73, 67, 17, 33, 29, 17, 19, 6, 12, 13, 25, 14, 3, 14, 0, 0, 2, 0],
"regularTrieds":[0, 11319, 5866, 4204, 5667, 9042, 4804, 6050, 7647, 7311, 8124, 7653, 6770, 7751, 8351, 8565, 12580, 11656, 10421, 9442, 9327],
"helperImprovements":[0.0, 0.0, 0.0, 0.0, 0.0, 0.0, 0.0, 0.0, 0.0, 0.0, 0.0, 0.0, 6.446870891930303, 0.0, 0.0, 0.0, 5.056788510541082, 0.0, 0.0, 0.0, 0.0],
"regularImprovements":[0.0, 42431.91467035839, 847.3500609419934, 391.87213645062, 286.25993747274333, 75.48050099162356, 189.56697980382887, 168.06591721508448, 52.92894472825719, 52.83464364405518, 18.34452102796058, 56.15641627558216, 19.717540032870602, 86.14046556860558, 85.48624863467558, 37.18536970671266, 65.74985860908782, 0.0, 0.0, 4.965499463585729, 0.0],
"numWorkings":[0, 5, 5, 5, 5, 5, 5, 5, 5, 5, 5, 5, 5, 5, 5, 5, 5, 5, 5, 5, 5],
"totalWorkingTimes":[0, 321305, 300067, 276883, 288327, 285830, 281113, 304797, 298230, 293397, 289662, 311104, 278870, 301767, 266895, 275819, 282078, 284219, 281158, 290117, 284767]}