ë{"problemName":"rc110_1.txt",
"populationK":1,
"lsRunTime":70000,
"addFirstNeighborhoods":true,
"numHelperNeighborhoods":0,
"numRounds":20,
"numMappers":5,
"roundLengths":[0, 77818, 80073, 78303, 77092, 80849, 76456, 81011, 79070, 82413, 79100, 77698, 80888, 80585, 78031, 80466, 81476, 75900, 78940, 81469, 77813],
"bestSolCosts":[75002.6976701483, 50392.216085051296, 49728.0836380749, 49553.483902576576, 49397.504967944275, 49179.11100176111, 49069.14727233916, 48957.26650417949, 48747.81474780142, 48589.007213718316, 48494.857099783454, 48422.324054927645, 48395.70221077735, 48385.330169700675, 48377.955288513396, 48355.14852393077, 48281.6334321138, 48241.06627861888, 48194.51437875128, 48174.74884301367, 48144.55712236044],
"helperTimes":[0, 0, 15, 15, 72, 32, 45, 27, 38, 23, 73, 43, 26, 31, 25, 101, 26, 23, 29, 83, 35],
"regularTimes":[0, 64320, 58583, 54409, 57905, 59271, 52900, 59954, 56923, 55323, 52684, 59723, 60319, 59628, 54424, 53420, 58087, 55502, 61196, 59217, 55737],
"helperSuccessfuls":[0, 0, 0, 0, 0, 0, 0, 0, 0, 0, 1, 1, 0, 1, 0, 0, 0, 0, 0, 1, 0],
"helperTrieds":[0, 0, 1, 1, 1, 1, 1, 1, 1, 1, 1, 1, 1, 1, 1, 1, 1, 1, 1, 1, 1],
"regularSuccessfuls":[0, 1496, 120, 55, 48, 43, 40, 37, 34, 32, 16, 18, 3, 3, 2, 8, 20, 17, 12, 11, 16],
"regularTrieds":[0, 11348, 7327, 6182, 7736, 5442, 7120, 6643, 7836, 6553, 7309, 9457, 11473, 11908, 7921, 6420, 10228, 10125, 10864, 10206, 10371],
"helperImprovements":[0.0, 0.0, 0.0, 0.0, 0.0, 0.0, 0.0, 0.0, 0.0, 0.0, 4.395728896757646, 1.1640737700799946, 0.0, 7.902067684146459, 0.0, 0.0, 0.0, 0.0, 0.0, 0.4240499288061983, 0.0],
"regularImprovements":[0.0, 24610.48158509701, 664.1324469763931, 174.59973549832648, 155.9789346323014, 218.39396618316096, 109.96372942195012, 111.88076815967361, 209.45175637806824, 158.80753408310557, 89.75438503810437, 71.36897108572884, 26.621844150293327, 2.469973392529937, 7.374881187279243, 22.806764582623146, 73.51509181697475, 40.56715349492151, 46.55189986759797, 19.341485808799916, 30.191720653230732],
"numWorkings":[0, 4, 5, 5, 5, 5, 5, 5, 5, 5, 5, 5, 5, 5, 5, 5, 5, 4, 5, 5, 5],
"totalWorkingTimes":[0, 250057, 293755, 272946, 288726, 297486, 269540, 300211, 283290, 281829, 264718, 298527, 298093, 300318, 275970, 276522, 289331, 221210, 297449, 295717, 275080]}