‘{"problemName":"rc110_1.txt",
"populationK":1,
"lsRunTime":70000,
"addFirstNeighborhoods":true,
"numHelperNeighborhoods":0,
"numRounds":20,
"numMappers":5,
"roundLengths":[0, 81951, 80656, 75996, 72324, 80173, 77354, 82166, 78062, 81414, 79098, 79718, 78003, 78836, 79830, 81287, 81148, 82241, 81115, 78626, 79810],
"bestSolCosts":[73027.64062626743, 50100.662220688144, 49546.08294648508, 49379.59019867555, 49341.12082519285, 49266.531834963185, 49240.00725805101, 49211.06809087475, 49193.577528807975, 49123.884388162674, 49107.79489265688, 49072.6470193867, 49067.70348702809, 49057.479178001115, 49003.023915298654, 48990.996027738685, 48871.76052808614, 48831.347791935645, 48831.347791935645, 48831.347791935645, 48831.347791935645],
"helperTimes":[0, 0, 20, 24, 25, 57, 30, 58, 59, 31, 37, 24, 32, 32, 0, 347, 22, 44, 36, 0, 0],
"regularTimes":[0, 64548, 57826, 53913, 54405, 60018, 57249, 58290, 55220, 58362, 57626, 59938, 53817, 60264, 60045, 53477, 57796, 56248, 55973, 56127, 58138],
"helperSuccessfuls":[0, 0, 0, 0, 0, 0, 0, 0, 0, 0, 0, 0, 0, 0, 0, 0, 0, 1, 0, 0, 0],
"helperTrieds":[0, 0, 1, 1, 1, 1, 1, 1, 1, 1, 1, 1, 1, 1, 0, 1, 1, 1, 1, 0, 0],
"regularSuccessfuls":[0, 1348, 101, 39, 26, 17, 15, 6, 11, 25, 18, 19, 6, 3, 5, 7, 26, 11, 0, 0, 0],
"regularTrieds":[0, 8314, 8018, 6049, 10514, 9286, 9876, 8865, 8043, 8879, 8566, 8192, 10043, 10506, 10152, 9568, 13440, 8616, 12013, 11455, 11026],
"helperImprovements":[0.0, 0.0, 0.0, 0.0, 0.0, 0.0, 0.0, 0.0, 0.0, 0.0, 0.0, 0.0, 0.0, 0.0, 0.0, 0.0, 0.0, 26.07825038980809, 0.0, 0.0, 0.0],
"regularImprovements":[0.0, 22926.978405579284, 554.5792742030608, 166.4927478095342, 38.469373482701485, 74.58899022966216, 26.52457691217569, 28.939167176256888, 17.490562066777784, 69.69314064530045, 16.08949550579564, 35.14787327017984, 4.9435323586076265, 10.224309026976698, 54.45526270246046, 12.027887559968804, 119.23549965254642, 14.33448576068622, 0.0, 0.0, 0.0],
"numWorkings":[0, 5, 5, 4, 4, 5, 5, 5, 5, 5, 5, 5, 5, 5, 5, 5, 5, 5, 5, 5, 5],
"totalWorkingTimes":[0, 317011, 295067, 203431, 217844, 295305, 285909, 300613, 275994, 299934, 288359, 300163, 276782, 299620, 300958, 263941, 288177, 281517, 279794, 273101, 289356]}