â{"problemName":"rc110_1.txt",
"populationK":1,
"lsRunTime":70000,
"addFirstNeighborhoods":true,
"numHelperNeighborhoods":0,
"numRounds":20,
"numMappers":10,
"roundLengths":[0, 82847, 83920, 74797, 77227, 79220, 78929, 80940, 78730, 78427, 79108, 74671, 72806, 79580, 79820, 80800, 82375, 77886, 76943, 82509, 78457],
"bestSolCosts":[75032.7779177624, 49483.16457566917, 49085.28149991529, 48900.380779616025, 48767.52488811036, 48674.2743689988, 48598.09616018909, 48467.39337516435, 48396.22271047646, 48318.32474812211, 48240.77191907654, 48219.24427733848, 48160.72695091432, 48135.0639344359, 48120.28913567787, 48099.64124583234, 48086.57043207718, 48078.03361927185, 48041.92289648746, 47939.06081505786, 47905.247845374295],
"helperTimes":[0, 0, 12, 56, 54, 55, 53, 19, 68, 29, 27, 24, 28, 19, 58, 26, 0, 30, 165, 72, 29],
"regularTimes":[0, 60496, 56390, 53134, 53823, 57433, 57096, 58617, 57668, 50089, 57655, 58865, 59396, 60195, 52989, 52869, 56894, 53407, 54071, 54669, 55044],
"helperSuccessfuls":[0, 0, 0, 0, 0, 1, 0, 0, 0, 0, 1, 0, 0, 0, 0, 0, 0, 0, 1, 0, 0],
"helperTrieds":[0, 0, 1, 1, 1, 1, 1, 1, 1, 1, 1, 1, 1, 1, 1, 1, 0, 1, 1, 1, 1],
"regularSuccessfuls":[0, 1457, 81, 62, 30, 20, 19, 39, 18, 22, 29, 11, 28, 18, 17, 4, 2, 3, 5, 14, 5],
"regularTrieds":[0, 8759, 8017, 6500, 7908, 8187, 6379, 7547, 11333, 6859, 6170, 9909, 8775, 8097, 6149, 11214, 10286, 10108, 7885, 7856, 12230],
"helperImprovements":[0.0, 0.0, 0.0, 0.0, 0.0, 0.40755283292673994, 0.0, 0.0, 0.0, 0.0, 0.9095131715221214, 0.0, 0.0, 0.0, 0.0, 0.0, 0.0, 0.0, 1.7282207877287874, 0.0, 0.0],
"regularImprovements":[0.0, 32121.415588588585, 397.8830757538817, 184.90072029926523, 132.85589150566375, 92.8429662786366, 76.17820880970976, 130.70278502473957, 71.17066468788835, 77.89796235434915, 76.6433158740474, 21.527641738059174, 58.517326424160274, 25.663016478421923, 14.774798758029647, 20.64788984553161, 13.070813755162817, 8.53681280532328, 34.382501996668, 102.86208142959367, 33.812969683567644],
"numWorkings":[0, 10, 10, 10, 10, 10, 10, 10, 10, 10, 10, 9, 9, 10, 10, 10, 10, 10, 10, 10, 10],
"totalWorkingTimes":[0, 613594, 570034, 494468, 540419, 579248, 572887, 580117, 569933, 518282, 549987, 528505, 533078, 599876, 556165, 518224, 555691, 549341, 552205, 544368, 540503]}