è{"problemName":"rc110_1.txt",
"populationK":1,
"lsRunTime":70000,
"addFirstNeighborhoods":true,
"numHelperNeighborhoods":0,
"numRounds":20,
"numMappers":10,
"roundLengths":[0, 78985, 100111, 105217, 75624, 74799, 81988, 78077, 74020, 78424, 83198, 79814, 79106, 81212, 80044, 77290, 81081, 85480, 69965, 82999, 72045],
"bestSolCosts":[70569.63158469279, 50360.4834977512, 49766.89429422418, 49397.535133528385, 49260.887301636896, 49163.79660974384, 49032.22279770209, 48940.08977679139, 48915.56119985106, 48852.29704362123, 48780.10867346911, 48610.46830663297, 48399.15158029083, 48325.0693917676, 48310.50495919684, 48292.158426717695, 48281.233379054276, 48251.737859300054, 48221.61214074997, 48194.323967095195, 48123.21867243813],
"helperTimes":[0, 0, 16, 52, 22, 34, 61, 89, 129, 30, 52, 41, 29, 64, 18, 36, 28, 28, 118, 256, 40],
"regularTimes":[0, 62467, 60955, 57634, 54695, 56691, 54935, 51343, 57510, 54215, 53777, 55451, 53450, 53317, 50191, 49582, 56476, 54332, 49304, 58782, 49358],
"helperSuccessfuls":[0, 0, 0, 0, 0, 0, 0, 0, 1, 0, 0, 0, 0, 0, 0, 0, 0, 0, 1, 0, 1],
"helperTrieds":[0, 0, 1, 1, 1, 1, 1, 1, 1, 1, 1, 1, 1, 1, 1, 1, 1, 1, 1, 1, 1],
"regularSuccessfuls":[0, 1546, 99, 48, 40, 27, 27, 14, 15, 17, 25, 31, 32, 18, 7, 3, 1, 13, 6, 3, 12],
"regularTrieds":[0, 12363, 4029, 2565, 5767, 3387, 7772, 6255, 7763, 5973, 8324, 8445, 8561, 8847, 8844, 8383, 10453, 6923, 11883, 8875, 10051],
"helperImprovements":[0.0, 0.0, 0.0, 0.0, 0.0, 0.0, 0.0, 0.0, 4.751580268588441, 0.0, 0.0, 0.0, 0.0, 0.0, 0.0, 0.0, 0.0, 0.0, 1.6851482404526905, 0.0, 1.0742594741896028],
"regularImprovements":[0.0, 28633.991236928392, 593.5892035270226, 369.3591606957925, 136.64783189148875, 97.09069189305592, 131.5738120417518, 92.13302091069636, 19.77699667174602, 63.264156229830405, 72.18837015211466, 169.6403668361454, 211.31672634213464, 74.08218852322898, 14.56443257076171, 18.346532479146845, 10.925047663418809, 29.495519754222187, 28.440570309634495, 27.288173654771526, 70.0310351828739],
"numWorkings":[0, 9, 10, 10, 10, 9, 10, 10, 9, 10, 10, 10, 10, 10, 10, 10, 10, 8, 10, 9, 10],
"totalWorkingTimes":[0, 572597, 615175, 617671, 538562, 513918, 557267, 515837, 511379, 545368, 544058, 572466, 537167, 538924, 468987, 489365, 572124, 436271, 490727, 503238, 489236]}