à{"problemName":"rc110_1.txt",
"populationK":1,
"lsRunTime":70000,
"addFirstNeighborhoods":true,
"numHelperNeighborhoods":0,
"numRounds":20,
"numMappers":10,
"roundLengths":[0, 94001, 79820, 77825, 72233, 81181, 71591, 82074, 78850, 79497, 80104, 79647, 71663, 80960, 78015, 77432, 80068, 78985, 78284, 79634, 79859],
"bestSolCosts":[70553.07552095561, 50051.75562951946, 49617.077830136775, 49285.78701351997, 49121.33960617963, 49017.0960833644, 48839.26621635052, 48688.377899200736, 48673.10895459924, 48657.4703920565, 48568.289326156635, 48551.83906250572, 48529.20026094158, 48518.00898100344, 48511.83477064379, 48493.305367339955, 48489.32452241176, 48389.81175231457, 48352.51572818631, 48294.25310103882, 48286.711849736894],
"helperTimes":[0, 0, 12, 25, 23, 39, 53, 151, 32, 62, 29, 19, 32, 53, 42, 31, 42, 37, 39, 26, 42],
"regularTimes":[0, 52773, 56126, 58089, 58060, 57437, 51486, 55101, 53099, 50357, 57634, 49561, 59045, 55158, 42132, 44588, 53907, 54279, 56274, 56304, 56341],
"helperSuccessfuls":[0, 0, 0, 0, 0, 0, 0, 0, 0, 0, 0, 0, 1, 0, 1, 0, 1, 0, 0, 0, 0],
"helperTrieds":[0, 0, 1, 1, 1, 1, 1, 1, 1, 1, 1, 1, 1, 1, 1, 1, 1, 1, 1, 1, 1],
"regularSuccessfuls":[0, 1376, 93, 70, 32, 17, 38, 35, 11, 8, 9, 6, 5, 1, 3, 5, 4, 15, 12, 10, 5],
"regularTrieds":[0, 7106, 1559, 3412, 8217, 8415, 8075, 6507, 12385, 7747, 8703, 8886, 10094, 13295, 9260, 8376, 9478, 8203, 7928, 6747, 6494],
"helperImprovements":[0.0, 0.0, 0.0, 0.0, 0.0, 0.0, 0.0, 0.0, 0.0, 0.0, 0.0, 0.0, 6.29894375387812, 0.0, 0.5958569410358905, 0.0, 0.9200929806247586, 0.0, 0.0, 0.0, 0.0],
"regularImprovements":[0.0, 25746.24659010802, 434.6777993826836, 331.2908166168054, 164.44740734033985, 104.2435228152317, 177.82986701387563, 150.88831714978733, 15.268944601491967, 15.638562542742875, 89.18106589986564, 16.450263650913257, 16.33985781026422, 11.191279938138905, 5.578353418612096, 18.52940330383717, 3.0607519475670415, 99.51277009719342, 37.296024128263525, 58.262627147487365, 7.541251301925513],
"numWorkings":[0, 9, 10, 10, 9, 10, 8, 10, 10, 10, 10, 10, 9, 10, 10, 10, 10, 10, 10, 10, 10],
"totalWorkingTimes":[0, 519321, 586332, 538823, 514548, 555152, 424610, 573500, 541984, 512523, 575465, 519834, 529938, 565390, 444658, 415683, 547393, 547689, 546259, 567347, 526702]}