ç{"problemName":"rc110_1.txt",
"populationK":1,
"lsRunTime":140000,
"addFirstNeighborhoods":true,
"numHelperNeighborhoods":0,
"numRounds":10,
"numMappers":500,
"roundLengths":[0, 169646, 155054, 158811, 158105, 155529, 155382, 154721, 154804, 160013, 156775],
"bestSolCosts":[68406.05464584034, 48925.791078049144, 48390.77358302889, 48100.743147794536, 47841.247206469074, 47757.151333445494, 47681.207795412345, 47606.24025819174, 47493.55900350733, 47427.333851953765, 47385.266005982325],
"helperTimes":[0, 0, 21, 28, 30, 36, 27, 40, 26, 134, 34],
"regularTimes":[0, 130559, 128732, 126082, 124908, 126636, 125078, 122574, 125088, 123135, 125229],
"helperSuccessfuls":[0, 0, 0, 0, 0, 0, 0, 0, 0, 1, 0],
"helperTrieds":[0, 0, 1, 1, 1, 1, 1, 1, 1, 1, 1],
"regularSuccessfuls":[0, 1761, 86, 45, 43, 22, 21, 10, 11, 24, 17],
"regularTrieds":[0, 15363, 22811, 24034, 22739, 19648, 18302, 17640, 18140, 19282, 19451],
"helperImprovements":[0.0, 0.0, 0.0, 0.0, 0.0, 0.0, 0.0, 0.0, 0.0, 1.6104209385666763, 0.0],
"regularImprovements":[0.0, 23467.66873416947, 535.0174950202563, 290.0304352343519, 259.4959413254619, 84.09587302357977, 75.9435380331488, 74.96753722060384, 112.68125468440849, 64.61473061500146, 42.067845971439965],
"numWorkings":[0, 499, 500, 500, 495, 494, 500, 500, 500, 497, 495],
"totalWorkingTimes":[0, 65407668, 63010181, 62845939, 61109104, 62072263, 62369253, 62878076, 61369559, 62121599, 62827633]}