ç{"problemName":"rc110_1.txt",
"populationK":1,
"lsRunTime":70000,
"addFirstNeighborhoods":true,
"numHelperNeighborhoods":0,
"numRounds":20,
"numMappers":10,
"roundLengths":[0, 81846, 81882, 79812, 79268, 75164, 74604, 81071, 72843, 78199, 79779, 78223, 79091, 77763, 81842, 80434, 79339, 79883, 80244, 78503, 80857],
"bestSolCosts":[70865.45663442196, 51231.28707901738, 50302.88276631059, 50126.41551029876, 49834.00786982719, 49711.88226244513, 49557.59038045363, 49315.67189582966, 49138.980264284975, 49098.213368460354, 49003.07682474962, 48981.29357581096, 48961.04491013125, 48900.698673501356, 48897.34234386465, 48881.66384198955, 48863.60156104034, 48863.60156104034, 48861.06703185514, 48856.254333704026, 48826.97764660686],
"helperTimes":[0, 0, 13, 37, 30, 65, 18, 18, 36, 90, 40, 103, 42, 77, 60, 0, 89, 92, 0, 40, 0],
"regularTimes":[0, 53938, 61635, 52991, 54520, 53691, 53909, 55044, 55189, 54432, 53601, 58809, 56817, 49831, 53740, 54881, 56943, 53287, 55438, 50117, 57420],
"helperSuccessfuls":[0, 0, 0, 0, 0, 0, 0, 0, 0, 1, 1, 0, 0, 1, 1, 0, 1, 0, 0, 0, 0],
"helperTrieds":[0, 0, 1, 1, 1, 1, 1, 1, 1, 1, 1, 1, 1, 1, 1, 0, 1, 1, 0, 1, 0],
"regularSuccessfuls":[0, 1318, 161, 27, 38, 31, 32, 49, 21, 12, 18, 10, 15, 13, 0, 12, 7, 0, 1, 1, 8],
"regularTrieds":[0, 7318, 4096, 3885, 5082, 5475, 8103, 7841, 7774, 7959, 9923, 10578, 13335, 8689, 12380, 13191, 11445, 11533, 14126, 10777, 10425],
"helperImprovements":[0.0, 0.0, 0.0, 0.0, 0.0, 0.0, 0.0, 0.0, 0.0, 14.65446204401087, 11.324979748824262, 0.0, 0.0, 0.6900130755529972, 3.356329636706505, 0.0, 4.552021957060788, 0.0, 0.0, 0.0, 0.0],
"regularImprovements":[0.0, 21851.882822190222, 928.4043127067853, 176.46725601183425, 292.407640471567, 122.1256073820623, 154.2918819914994, 241.91848462396592, 176.69163154468697, 26.112433780610445, 83.81156396190636, 21.783248938663746, 20.24866567971185, 59.656223554338794, 0.0, 15.678501875096117, 13.510258992151648, 0.0, 2.5345291851990623, 4.81269815111591, 29.27668709716818],
"numWorkings":[0, 10, 10, 10, 10, 7, 9, 10, 9, 9, 10, 10, 10, 10, 10, 10, 10, 10, 10, 10, 10],
"totalWorkingTimes":[0, 555329, 572643, 534932, 556439, 404474, 459630, 538155, 499456, 468811, 561817, 584311, 555640, 509692, 536707, 549398, 556975, 535212, 522383, 519223, 550965]}