	{"problemName":"rc110_1.txt",
"populationK":1,
"lsRunTime":70000,
"addFirstNeighborhoods":true,
"numHelperNeighborhoods":0,
"numRounds":20,
"numMappers":20,
"roundLengths":[0, 82798, 81743, 76804, 78910, 80392, 94783, 78139, 74987, 79450, 75100, 78520, 81123, 78786, 81843, 78684, 77809, 80115, 78170, 78480, 80858],
"bestSolCosts":[70262.51180352696, 50159.108372065886, 49512.71395797813, 49225.23698272355, 49096.60965805341, 49022.49995628749, 48856.20858298083, 48802.04187397073, 48752.14611325017, 48666.812145139294, 48615.52657175723, 48575.1557356565, 48529.93595485072, 48420.703130618844, 48323.69139952069, 48288.50131821091, 48245.124491120754, 48204.5177246175, 48197.74335465484, 48194.046558435824, 48185.573781161525],
"helperTimes":[0, 0, 14, 39, 35, 79, 32, 17, 59, 31, 32, 47, 127, 372, 77, 33, 176, 311, 92, 64, 39],
"regularTimes":[0, 57236, 56752, 52601, 56091, 55211, 54728, 48167, 57735, 53405, 51561, 43994, 40104, 49785, 57112, 56732, 50467, 54495, 55570, 53074, 56131],
"helperSuccessfuls":[0, 0, 0, 0, 0, 0, 0, 0, 0, 0, 0, 0, 0, 0, 1, 1, 0, 0, 1, 0, 1],
"helperTrieds":[0, 0, 1, 1, 1, 1, 1, 1, 1, 1, 1, 1, 1, 1, 1, 1, 1, 1, 1, 1, 1],
"regularSuccessfuls":[0, 1393, 95, 56, 32, 29, 30, 21, 10, 23, 23, 15, 6, 16, 26, 21, 18, 7, 2, 2, 3],
"regularTrieds":[0, 11639, 6681, 5864, 10262, 9423, 8448, 4567, 9979, 9235, 8104, 6225, 6155, 6660, 6224, 6044, 6785, 8848, 3726, 7083, 8776],
"helperImprovements":[0.0, 0.0, 0.0, 0.0, 0.0, 0.0, 0.0, 0.0, 0.0, 0.0, 0.0, 0.0, 0.0, 0.0, 4.456256448524073, 0.12002159286930691, 0.0, 0.0, 0.21833209820761112, 0.0, 1.37654159955855],
"regularImprovements":[0.0, 27003.133071470358, 646.3944140877575, 287.47697525457625, 128.62732467014575, 74.10970176591945, 166.2913733066598, 54.16670901009638, 49.89576072055934, 85.33396811087732, 51.28557338206156, 40.37083610073023, 45.21978080578265, 109.2328242318763, 92.55547464962729, 35.07005971691251, 43.37682709015644, 40.60676650325331, 6.556037864451355, 3.696796219017415, 7.096235674740456],
"numWorkings":[0, 20, 20, 19, 20, 20, 20, 20, 19, 20, 19, 20, 20, 20, 20, 20, 20, 20, 20, 20, 20],
"totalWorkingTimes":[0, 1171959, 1148926, 992659, 1074225, 899068, 1091615, 964060, 1057174, 1068716, 975525, 869622, 865318, 1016353, 1011755, 1071356, 1042957, 1094482, 1139057, 1086600, 1142048]}