	{"problemName":"rc110_1.txt",
"populationK":1,
"lsRunTime":70000,
"addFirstNeighborhoods":true,
"numHelperNeighborhoods":0,
"numRounds":20,
"numMappers":20,
"roundLengths":[0, 82838, 80605, 80953, 79266, 79167, 78993, 78879, 75157, 79122, 81156, 80982, 73763, 80821, 78716, 79268, 75056, 88421, 71005, 81489, 77852],
"bestSolCosts":[70537.76863649255, 50115.94210982935, 49552.228328021374, 49086.39737927698, 48965.253843307786, 48910.00937838166, 48729.71704413247, 48594.60116215616, 48541.377063535794, 48473.702070092884, 48420.457673447025, 48353.83019669528, 48266.87166415995, 48183.11094940968, 48026.49052988325, 47934.81372907899, 47914.497996104015, 47810.334361106456, 47798.89459334388, 47782.33827351156, 47777.862169818545],
"helperTimes":[0, 0, 11, 31, 26, 34, 64, 70, 51, 26, 202, 23, 55, 52, 208, 27, 64, 99, 121, 39, 89],
"regularTimes":[0, 65436, 55675, 54467, 53130, 42684, 52708, 56096, 54749, 46419, 44337, 43237, 39728, 57700, 54146, 54641, 45978, 51815, 45541, 54993, 56794],
"helperSuccessfuls":[0, 0, 0, 0, 0, 0, 1, 0, 0, 0, 0, 0, 0, 0, 1, 0, 0, 1, 0, 0, 1],
"helperTrieds":[0, 0, 1, 1, 1, 1, 1, 1, 1, 1, 1, 1, 1, 1, 1, 1, 1, 1, 1, 1, 1],
"regularSuccessfuls":[0, 1353, 113, 65, 35, 15, 43, 39, 22, 17, 12, 17, 6, 17, 23, 17, 14, 12, 3, 3, 4],
"regularTrieds":[0, 9081, 7071, 5236, 9148, 5774, 8537, 7394, 8239, 6815, 5409, 6888, 7973, 8874, 10198, 8950, 8767, 7740, 6036, 8391, 8005],
"helperImprovements":[0.0, 0.0, 0.0, 0.0, 0.0, 0.0, 2.451282820846245, 0.0, 0.0, 0.0, 0.0, 0.0, 0.0, 0.0, 2.034592113683175, 0.0, 0.0, 0.1530970051389886, 0.0, 0.0, 0.05242175860621501],
"regularImprovements":[0.0, 23586.826554465093, 563.7137818079791, 465.8309487443912, 121.14353596919682, 55.24446492612333, 177.84105142834596, 135.11588197630772, 53.22409862036875, 67.67499344290991, 53.244396645859524, 66.62747675174614, 86.9585325353255, 83.76071475027129, 154.58582741274586, 91.67680080426362, 20.3157329749738, 104.01053799242072, 11.439767762574775, 16.556319832321606, 4.423681934407796],
"numWorkings":[0, 20, 20, 20, 20, 20, 20, 20, 19, 20, 20, 20, 19, 20, 20, 20, 16, 20, 20, 20, 20],
"totalWorkingTimes":[0, 1260755, 1142458, 1099315, 1075884, 859106, 1091010, 984252, 1046585, 943470, 952359, 888289, 770186, 1124099, 1096131, 1125399, 749253, 1069686, 921582, 1133780, 1119009]}