	{"problemName":"rc110_1.txt",
"populationK":1,
"lsRunTime":70000,
"addFirstNeighborhoods":true,
"numHelperNeighborhoods":0,
"numRounds":20,
"numMappers":20,
"roundLengths":[0, 77847, 80952, 76584, 76238, 80178, 79995, 75628, 80385, 74001, 82115, 76907, 80011, 81845, 80702, 80271, 78072, 86407, 67984, 77494, 78601],
"bestSolCosts":[71184.56046402955, 49771.10909113556, 48999.07976315559, 48786.07813342511, 48565.236183266315, 48504.17276479893, 48448.717699908775, 48419.06828946594, 48381.79327526198, 48357.009213425146, 48309.08851674066, 48297.164697221095, 48285.00835979995, 48271.22791432152, 48240.39801698016, 48225.07444594111, 48110.7008111643, 48056.7078940913, 48031.24664803554, 48028.236165803835, 48008.137709632596],
"helperTimes":[0, 0, 12, 72, 79, 74, 175, 61, 57, 202, 64, 28, 37, 25, 19, 83, 63, 31, 104, 38, 22],
"regularTimes":[0, 60628, 60733, 54115, 52114, 48910, 54998, 39812, 53699, 53966, 59369, 48137, 53552, 49102, 52477, 50538, 52588, 54571, 44227, 52930, 52240],
"helperSuccessfuls":[0, 0, 0, 0, 0, 0, 1, 0, 1, 1, 0, 0, 1, 0, 0, 0, 1, 0, 0, 0, 0],
"helperTrieds":[0, 0, 1, 1, 1, 1, 1, 1, 1, 1, 1, 1, 1, 1, 1, 1, 1, 1, 1, 1, 1],
"regularSuccessfuls":[0, 1401, 140, 41, 46, 6, 13, 8, 7, 13, 12, 4, 4, 2, 14, 3, 23, 21, 7, 3, 7],
"regularTrieds":[0, 9984, 5759, 7211, 10637, 9972, 12849, 8467, 10268, 11345, 15162, 10694, 11718, 10061, 12455, 8097, 9980, 8925, 5805, 11788, 9392],
"helperImprovements":[0.0, 0.0, 0.0, 0.0, 0.0, 0.0, 1.2897085631266236, 0.0, 1.949745049176272, 1.2464304847308085, 0.0, 0.0, 1.4762660242777201, 0.0, 0.0, 0.0, 1.115760635737388, 0.0, 0.0, 0.0, 0.0],
"regularImprovements":[0.0, 25097.87061407861, 772.0293279799662, 213.00162973048282, 220.84195015879232, 61.0634184673836, 54.16535632703017, 29.649410442834778, 35.32526915478229, 23.537631352104654, 47.92069668448676, 11.923819519564859, 10.680071396869607, 13.780445478427282, 30.829897341362084, 15.323571039050876, 113.2578741410689, 53.9929170730029, 25.4612460557546, 3.0104822317080107, 20.098456171239377],
"numWorkings":[0, 19, 20, 18, 18, 7, 20, 20, 20, 19, 20, 20, 20, 20, 20, 20, 20, 19, 20, 20, 20],
"totalWorkingTimes":[0, 1155772, 1139157, 991706, 949462, 691026, 1122642, 784800, 1121659, 1036833, 1104344, 997071, 1068176, 1003335, 992728, 1049410, 1056884, 1030815, 872073, 1043878, 1043429]}