	F{"problemName":"rc110_1.txt",
"populationK":1,
"lsRunTime":70000,
"addFirstNeighborhoods":true,
"numHelperNeighborhoods":0,
"numRounds":20,
"numMappers":20,
"roundLengths":[0, 81839, 80049, 79878, 81873, 78105, 72905, 75900, 76836, 78149, 74507, 78018, 83907, 82416, 78960, 74300, 79073, 86407, 75013, 77463, 72855],
"bestSolCosts":[69917.76202964659, 50009.38509617303, 49406.60392367213, 49171.77347453254, 48775.492408633596, 48666.72589682685, 48557.68993014263, 48483.29618371186, 48421.23949371746, 48379.868267784404, 48371.797558883765, 48339.22155007843, 48292.31653017062, 48261.521868861215, 48233.04705184186, 48187.50164760937, 48169.69560443181, 48141.10615937725, 48139.11560908403, 48103.78703687953, 48062.69692016842],
"helperTimes":[0, 0, 22, 26, 27, 22, 72, 51, 53, 55, 33, 85, 38, 77, 84, 128, 81, 75, 69, 32, 60],
"regularTimes":[0, 61225, 58226, 52577, 57783, 50220, 46738, 43621, 55804, 51310, 49518, 50386, 55665, 42562, 40319, 54879, 52140, 51142, 49173, 53929, 53872],
"helperSuccessfuls":[0, 0, 0, 0, 1, 0, 0, 0, 1, 0, 1, 0, 1, 0, 0, 1, 1, 0, 1, 0, 1],
"helperTrieds":[0, 0, 1, 1, 1, 1, 1, 1, 1, 1, 1, 1, 1, 1, 1, 1, 1, 1, 1, 1, 1],
"regularSuccessfuls":[0, 1474, 125, 46, 95, 24, 34, 17, 10, 4, 4, 13, 13, 10, 2, 19, 9, 6, 2, 1, 9],
"regularTrieds":[0, 11272, 6267, 7396, 10446, 9415, 9360, 9391, 8612, 13867, 13289, 10600, 11644, 8276, 5937, 12104, 10992, 8680, 10000, 11973, 10978],
"helperImprovements":[0.0, 0.0, 0.0, 0.0, 0.06784534113103291, 0.0, 0.0, 0.0, 7.9592230993221165, 0.0, 0.758615073566034, 0.0, 0.623567223585269, 0.0, 0.0, 2.7396304980284185, 0.5614222236981732, 0.0, 1.2929900574599742, 0.0, 0.20856344627100043],
"regularImprovements":[0.0, 23577.152074046542, 602.7811725008942, 234.8304491395902, 396.2132205578164, 108.76651180674526, 109.0359666842196, 74.39374643077463, 54.09746689507301, 41.37122593305685, 7.312093827073113, 32.57600880533573, 46.28145268422668, 30.794661309402727, 28.474817019356124, 42.805773734457034, 17.244620953868434, 28.5894450545602, 0.6975602357561002, 35.32857220450387, 40.88155326483684],
"numWorkings":[0, 20, 20, 20, 20, 20, 19, 20, 19, 20, 19, 19, 20, 20, 19, 19, 20, 20, 20, 19, 20],
"totalWorkingTimes":[0, 1225622, 1174305, 1075632, 1114165, 1002257, 928605, 970757, 1099436, 1036985, 930331, 989980, 1129888, 874036, 881580, 1030252, 1054058, 1035207, 1000348, 1035403, 1059153]}