	-{"problemName":"rc110_1.txt",
"populationK":1,
"lsRunTime":70000,
"addFirstNeighborhoods":true,
"numHelperNeighborhoods":0,
"numRounds":20,
"numMappers":50,
"roundLengths":[0, 82054, 81832, 78297, 79835, 78856, 79926, 81025, 86878, 70711, 79172, 81819, 79856, 79838, 80768, 89236, 77048, 75461, 79983, 78638, 71766],
"bestSolCosts":[68391.96031860294, 50188.69955276261, 49585.620979851, 49302.75135001301, 49053.91436150245, 48982.78094666563, 48817.922750046346, 48636.41531638097, 48553.42639457175, 48500.77386207122, 48435.672410683415, 48394.286981965204, 48365.5887310663, 48307.11022657693, 48276.216331407886, 48225.77783390279, 48171.82888831158, 48122.68624122942, 48072.52775337505, 48043.434506849226, 48037.44334236113],
"helperTimes":[0, 0, 16, 88, 20, 21, 58, 27, 45, 24, 22, 69, 93, 28, 47, 61, 67, 34, 57, 20, 32],
"regularTimes":[0, 62100, 59369, 51583, 52786, 39070, 53446, 52524, 50708, 49163, 57606, 52780, 52873, 53379, 53388, 53366, 60675, 57928, 50408, 51482, 54596],
"helperSuccessfuls":[0, 0, 0, 0, 0, 0, 1, 0, 0, 0, 0, 1, 0, 0, 1, 1, 1, 0, 0, 0, 1],
"helperTrieds":[0, 0, 1, 1, 1, 1, 1, 1, 1, 1, 1, 1, 1, 1, 1, 1, 1, 1, 1, 1, 1],
"regularSuccessfuls":[0, 1479, 121, 69, 63, 17, 43, 48, 26, 11, 10, 10, 10, 13, 5, 13, 13, 16, 4, 11, 4],
"regularTrieds":[0, 8502, 5787, 4137, 6655, 5643, 7675, 7311, 7103, 7828, 11124, 10086, 8827, 5910, 9043, 7868, 10612, 10695, 7647, 8872, 10042],
"helperImprovements":[0.0, 0.0, 0.0, 0.0, 0.0, 0.0, 17.018422101544274, 0.0, 0.0, 0.0, 0.0, 0.5632536634075223, 0.0, 0.0, 0.07636490099685034, 4.2235529348035925, 0.12438926088361768, 0.0, 0.0, 0.0, 0.08004636792611564],
"regularImprovements":[0.0, 23323.330593578896, 603.0785729116105, 282.8696298379946, 248.8369885105567, 71.1334148368187, 147.83977451774263, 181.5074336653779, 82.98892180922121, 52.65253250052774, 65.10145138780354, 40.822175054803665, 28.698250898902188, 58.478504489372426, 30.81753026804654, 46.21494457029621, 53.824556330320775, 49.14264708216069, 50.15848785437265, 29.093246525822906, 5.911118120166066],
"numWorkings":[0, 50, 50, 50, 48, 48, 50, 50, 48, 47, 50, 49, 50, 50, 50, 50, 50, 46, 50, 50, 47],
"totalWorkingTimes":[0, 3123645, 2981231, 2631345, 2476633, 2270668, 2724050, 2647400, 2480442, 2297172, 2867037, 2665753, 2643647, 2682698, 2708970, 2702402, 2924332, 2660193, 2574815, 2580983, 2568105]}