î{"problemName":"rc110_1.txt",
"populationK":1,
"lsRunTime":70000,
"addFirstNeighborhoods":true,
"numHelperNeighborhoods":0,
"numRounds":20,
"numMappers":50,
"roundLengths":[0, 81980, 80833, 77891, 96102, 80996, 80869, 82240, 79027, 83102, 82012, 80141, 81024, 80042, 79924, 77620, 79979, 80947, 80082, 78842, 79523],
"bestSolCosts":[68294.78230456075, 50064.18686939142, 49404.15161875929, 49121.05844572928, 48719.53329068816, 48667.65555633882, 48508.3421293421, 48454.07596126818, 48428.12993041992, 48381.53127204592, 48355.878244851025, 48257.70677897935, 48208.26576240861, 48180.40445696411, 48167.03797498274, 48134.51388547637, 48111.77428236712, 48095.5421789959, 48081.432762121374, 48064.69727984528, 48037.10027900033],
"helperTimes":[0, 0, 19, 22, 42, 21, 47, 36, 36, 56, 37, 78, 103, 31, 39, 131, 27, 60, 61, 94, 53],
"regularTimes":[0, 61535, 60799, 55549, 54669, 53822, 55822, 55060, 55795, 45698, 56847, 57488, 55663, 53430, 53233, 55789, 53683, 53563, 55871, 54310, 56793],
"helperSuccessfuls":[0, 0, 0, 0, 0, 0, 0, 0, 0, 0, 0, 0, 1, 0, 1, 0, 0, 0, 0, 0, 0],
"helperTrieds":[0, 0, 1, 1, 1, 1, 1, 1, 1, 1, 1, 1, 1, 1, 1, 1, 1, 1, 1, 1, 1],
"regularSuccessfuls":[0, 1364, 129, 60, 87, 14, 33, 14, 3, 17, 6, 6, 14, 13, 5, 5, 11, 10, 10, 12, 5],
"regularTrieds":[0, 8276, 4545, 6561, 4779, 7749, 7258, 9897, 10247, 7514, 8924, 8191, 6842, 11044, 8491, 12865, 11653, 11411, 10092, 8451, 11590],
"helperImprovements":[0.0, 0.0, 0.0, 0.0, 0.0, 0.0, 0.0, 0.0, 0.0, 0.0, 0.0, 0.0, 3.276571488706395, 0.0, 1.2360155153583037, 0.0, 0.0, 0.0, 0.0, 0.0, 0.0],
"regularImprovements":[0.0, 22697.5708892333, 660.0352506321287, 283.09317303001444, 401.52515504111943, 51.87773434934206, 159.3134269967195, 54.26616807391838, 25.946030848259397, 46.59865837400139, 25.653027194894094, 98.17146587167372, 46.16444508203131, 27.86130544450134, 12.130466466012876, 32.52408950636891, 22.73960310925031, 16.232103371221456, 14.109416874525778, 16.735482276097173, 27.597000844943977],
"numWorkings":[0, 48, 50, 49, 50, 50, 50, 49, 49, 50, 48, 20, 50, 49, 50, 49, 50, 50, 50, 50, 50],
"totalWorkingTimes":[0, 2968690, 2477433, 2602112, 2792873, 2711374, 2827551, 2702213, 2738154, 2347981, 2747066, 2016110, 2734552, 2608612, 2692258, 2703571, 2689263, 2737067, 2688575, 2760826, 2561123]}