û{"problemName":"rc110_1.txt",
"populationK":1,
"lsRunTime":70000,
"addFirstNeighborhoods":true,
"numHelperNeighborhoods":0,
"numRounds":20,
"numMappers":50,
"roundLengths":[0, 86024, 81824, 83314, 86893, 86901, 81947, 77055, 77006, 76921, 79697, 78511, 78418, 78845, 79370, 79081, 83308, 81612, 83103, 81044, 78631],
"bestSolCosts":[70350.23263641699, 49595.53143129109, 49125.23773267162, 48746.99436445259, 48425.70141056441, 48346.04297315423, 48299.036571097444, 48261.955596789136, 48243.180694865034, 48174.039665389864, 48150.44479234219, 48078.50587682785, 48025.37288294649, 47998.59668637845, 47956.047856295256, 47896.50086693017, 47858.28114803831, 47807.4795140085, 47719.06229902079, 47600.84959284198, 47581.695274727994],
"helperTimes":[0, 0, 20, 24, 59, 118, 37, 55, 39, 49, 39, 70, 41, 28, 60, 60, 57, 34, 203, 84, 38],
"regularTimes":[0, 62944, 59152, 57391, 55008, 47441, 56745, 49436, 55154, 51422, 55425, 52936, 54494, 55998, 52607, 53649, 55732, 59157, 54343, 54865, 48663],
"helperSuccessfuls":[0, 0, 0, 0, 0, 1, 0, 0, 1, 0, 0, 0, 1, 0, 0, 0, 0, 0, 0, 0, 0],
"helperTrieds":[0, 0, 1, 1, 1, 1, 1, 1, 1, 1, 1, 1, 1, 1, 1, 1, 1, 1, 1, 1, 1],
"regularSuccessfuls":[0, 1293, 98, 49, 73, 23, 11, 10, 5, 9, 2, 7, 13, 12, 11, 15, 9, 13, 16, 27, 8],
"regularTrieds":[0, 7553, 3715, 4561, 3988, 10664, 8900, 6796, 8668, 7039, 9778, 6248, 8600, 7870, 7899, 7228, 9979, 10589, 8952, 10236, 10158],
"helperImprovements":[0.0, 0.0, 0.0, 0.0, 0.0, 5.772500532111735, 0.0, 0.0, 0.201759292074712, 0.0, 0.0, 0.0, 2.700898678798694, 0.0, 0.0, 0.0, 0.0, 0.0, 0.0, 0.0, 0.0],
"regularImprovements":[0.0, 26302.250896603233, 470.29369861946907, 378.24336821903125, 321.2929538881799, 73.8859368780686, 47.00640205678792, 37.080974308308214, 18.573142632027157, 69.14102947516949, 23.5948730476739, 71.93891551434353, 50.43209520255914, 26.776196568040177, 42.548830083193025, 59.54698936508794, 38.219718891858065, 50.8016340298127, 88.41721498770494, 118.21270617881237, 19.154318113985937],
"numWorkings":[0, 48, 50, 49, 48, 46, 49, 50, 46, 50, 50, 50, 49, 48, 50, 50, 49, 50, 50, 50, 50],
"totalWorkingTimes":[0, 3046407, 2854273, 2697824, 2684747, 2290900, 2816665, 2488334, 2561988, 2610458, 2851360, 2666741, 2739756, 2433855, 2836783, 2712654, 2612819, 2823701, 2749714, 2736854, 2572953]}