	{"problemName":"rc110_1.txt",
"populationK":1,
"lsRunTime":70000,
"addFirstNeighborhoods":true,
"numHelperNeighborhoods":0,
"numRounds":20,
"numMappers":50,
"roundLengths":[0, 82044, 79825, 92947, 81220, 79292, 81195, 80056, 82255, 78086, 81876, 77713, 81128, 77658, 83628, 79994, 74904, 74908, 84859, 74449, 83614],
"bestSolCosts":[69596.27860730737, 50198.57572563249, 49801.58117688495, 49488.82605656763, 49296.32828691365, 49199.25507530516, 49079.39706507096, 48983.46303374432, 48831.42042057802, 48607.11740681811, 48554.65508276411, 48520.57961145648, 48496.00144603149, 48412.15949297188, 48404.781644936644, 48320.83241453945, 48280.41195776773, 48253.47679347265, 48237.94533971365, 48211.62394913925, 48203.28283508629],
"helperTimes":[0, 0, 28, 21, 26, 92, 24, 19, 17, 68, 26, 33, 61, 66, 131, 91, 166, 158, 82, 272, 43],
"regularTimes":[0, 59345, 56870, 53109, 56261, 54850, 53692, 58078, 57500, 51594, 56262, 41936, 52606, 53500, 55391, 54943, 55591, 54474, 54239, 49471, 42757],
"helperSuccessfuls":[0, 0, 0, 0, 0, 0, 0, 0, 0, 0, 0, 0, 0, 0, 0, 1, 1, 0, 1, 1, 1],
"helperTrieds":[0, 0, 1, 1, 1, 1, 1, 1, 1, 1, 1, 1, 1, 1, 1, 1, 1, 1, 1, 1, 1],
"regularSuccessfuls":[0, 1324, 95, 71, 37, 31, 20, 36, 26, 38, 10, 8, 10, 7, 2, 9, 8, 10, 3, 2, 6],
"regularTrieds":[0, 6923, 4408, 2495, 4455, 8371, 6617, 6593, 5886, 6924, 8488, 6223, 6702, 7325, 6837, 9720, 9542, 11050, 8264, 7678, 7199],
"helperImprovements":[0.0, 0.0, 0.0, 0.0, 0.0, 0.0, 0.0, 0.0, 0.0, 0.0, 0.0, 0.0, 0.0, 0.0, 0.0, 1.1780634532406111, 2.6908471832066425, 0.0, 11.381175029142469, 3.1775997101940447, 3.363012078938482],
"regularImprovements":[0.0, 25198.39957874894, 396.9945487475343, 312.7551203173207, 192.49776965397905, 97.07321160849096, 119.85801023420208, 95.93403132663661, 152.04261316630436, 224.3030137599053, 52.46232405400224, 34.07547130763123, 24.578165424987674, 83.84195305961475, 7.37784803523391, 82.77116694395227, 37.72960958851763, 26.93516429507872, 4.150278729852289, 23.14379086421104, 4.9781019740185],
"numWorkings":[0, 49, 50, 50, 49, 50, 49, 50, 49, 50, 50, 50, 50, 48, 50, 50, 47, 46, 49, 49, 47],
"totalWorkingTimes":[0, 2942261, 2882075, 2700192, 2805223, 2777035, 2648008, 2648615, 2802445, 2661048, 2843598, 2341459, 2779974, 2637830, 2566820, 2728662, 2671011, 2511934, 2701551, 2444122, 1996976]}