{"problemName":"rc110_1.txt",
"populationK":1,
"lsRunTime":140000,
"addFirstNeighborhoods":true,
"numHelperNeighborhoods":0,
"numRounds":10,
"numMappers":1,
"roundLengths":[0, 155421, 150375, 150603, 151540, 151628, 147858, 147027, 154103, 150316, 151290],
"bestSolCosts":[89983.96104305406, 51034.007648151426, 50276.82446621897, 50181.98135802223, 50099.72384418148, 50096.19180989709, 50096.19180989709, 50096.19180989709, 49976.37715217063, 49976.37715217063, 49973.879707613596],
"helperTimes":[0, 0, 0, 0, 0, 0, 0, 0, 0, 0, 0],
"regularTimes":[0, 135490, 123144, 128424, 129368, 125027, 127415, 128748, 130056, 123985, 131748],
"helperSuccessfuls":[0, 0, 0, 0, 0, 0, 0, 0, 0, 0, 0],
"helperTrieds":[0, 0, 0, 0, 0, 0, 0, 0, 0, 0, 0],
"regularSuccessfuls":[0, 1631, 145, 32, 26, 3, 0, 0, 14, 0, 2],
"regularTrieds":[0, 10972, 16460, 13500, 20162, 26836, 23594, 22027, 22344, 23435, 26797],
"helperImprovements":[0.0, 0.0, 0.0, 0.0, 0.0, 0.0, 0.0, 0.0, 0.0, 0.0, 0.0],
"regularImprovements":[0.0, 38949.95339490264, 757.183181932458, 94.84310819673556, 82.25751384075556, 3.532034284384281, 0.0, 0.0, 119.81465772646334, 0.0, 2.4974445570333046],
"numWorkings":[0, 1, 1, 1, 1, 1, 1, 1, 1, 1, 1],
"totalWorkingTimes":[0, 135490, 123144, 128424, 129368, 125027, 127415, 128748, 130056, 123985, 131748]}