Æ{"problemName":"rc110_1.txt",
"populationK":1,
"lsRunTime":140000,
"addFirstNeighborhoods":true,
"numHelperNeighborhoods":0,
"numRounds":10,
"numMappers":500,
"roundLengths":[0, 188212, 188899, 166056, 169394, 159752, 149943, 155762, 175828, 148694, 149681],
"bestSolCosts":[69047.93967730884, 49131.993125113964, 48556.76570761046, 48346.15331209656, 48173.88386743544, 48076.773870934754, 47987.733942866915, 47925.54375366086, 47879.21638548637, 47810.39921969149, 47780.63891713624],
"helperTimes":[0, 0, 22, 49, 65, 25, 29, 123, 31, 115, 32],
"regularTimes":[0, 130129, 126679, 125287, 128302, 124867, 127888, 124215, 125730, 124047, 124743],
"helperSuccessfuls":[0, 0, 0, 0, 1, 0, 1, 0, 1, 1, 1],
"helperTrieds":[0, 0, 1, 1, 1, 1, 1, 1, 1, 1, 1],
"regularSuccessfuls":[0, 1733, 124, 47, 36, 16, 16, 11, 25, 18, 13],
"regularTrieds":[0, 19263, 13590, 24445, 21769, 24509, 31429, 31838, 30676, 32087, 37631],
"helperImprovements":[0.0, 0.0, 0.0, 0.0, 3.6911400190510903, 0.0, 3.1794015838677296, 0.0, 3.952137164546002, 1.230313378633582, 3.8199169532381347],
"regularImprovements":[0.0, 30214.775751808294, 575.2274175035054, 210.61239551389735, 168.57830464206927, 97.10999650068698, 85.86052648397163, 62.19018920605595, 42.3752310099444, 67.58685241624335, 25.94038560201443],
"numWorkings":[0, 493, 500, 492, 500, 500, 500, 500, 500, 500, 498],
"totalWorkingTimes":[0, 64131156, 62748532, 61293883, 63707902, 63283874, 63286409, 63052536, 63492511, 61378870, 62883672]}