C{"problemName":"rc110_1.txt",
"populationK":1,
"lsRunTime":140000,
"addFirstNeighborhoods":true,
"numHelperNeighborhoods":0,
"numRounds":10,
"numMappers":1,
"roundLengths":[0, 163441, 156175, 153932, 154239, 145847, 150238, 149908, 150356, 150254, 149775],
"bestSolCosts":[94241.91450379908, 52485.18697308185, 51668.447129686516, 50775.254617481034, 50325.318119949756, 50309.56486215645, 50261.10151317872, 50241.00053889898, 50221.22854793533, 50197.826633732366, 50188.546065918126],
"helperTimes":[0, 0, 0, 0, 0, 0, 0, 0, 0, 1, 0],
"regularTimes":[0, 141734, 126562, 130124, 129952, 125271, 129997, 127339, 127902, 124724, 124133],
"helperSuccessfuls":[0, 0, 0, 0, 0, 0, 0, 0, 0, 0, 0],
"helperTrieds":[0, 0, 0, 0, 0, 0, 0, 0, 0, 0, 0],
"regularSuccessfuls":[0, 1698, 85, 151, 108, 3, 5, 5, 14, 4, 3],
"regularTrieds":[0, 10477, 420, 8329, 11161, 20591, 22097, 24321, 24770, 25309, 19642],
"helperImprovements":[0.0, 0.0, 0.0, 0.0, 0.0, 0.0, 0.0, 0.0, 0.0, 0.0, 0.0],
"regularImprovements":[0.0, 41756.72753071723, 816.7398433953349, 893.1925122054818, 449.9364975312783, 15.753257793308876, 48.46334897772613, 20.100974279739603, 19.77199096365075, 23.40191420296469, 9.280567814239475],
"numWorkings":[0, 1, 1, 1, 1, 1, 1, 1, 1, 1, 1],
"totalWorkingTimes":[0, 141734, 126562, 130124, 129952, 125271, 129997, 127339, 127902, 124725, 124133]}