G{"problemName":"rc110_1.txt",
"populationK":1,
"lsRunTime":140000,
"addFirstNeighborhoods":true,
"numHelperNeighborhoods":0,
"numRounds":10,
"numMappers":1,
"roundLengths":[0, 155410, 148707, 150512, 149760, 152350, 146669, 152233, 149336, 148874, 152276],
"bestSolCosts":[79711.38219705924, 52013.3089855407, 51312.73814231407, 51041.62377609709, 50875.94807100051, 50539.36811330292, 50448.75684408043, 50405.45274127497, 50396.06982795963, 50246.28075443342, 50140.36911317175],
"helperTimes":[0, 0, 0, 0, 1, 0, 0, 1, 0, 0, 0],
"regularTimes":[0, 133120, 127367, 127798, 129049, 126452, 126809, 125471, 120385, 127267, 127732],
"helperSuccessfuls":[0, 0, 0, 0, 0, 0, 0, 0, 0, 0, 0],
"helperTrieds":[0, 0, 0, 0, 0, 0, 0, 0, 0, 0, 0],
"regularSuccessfuls":[0, 1328, 115, 44, 30, 67, 26, 10, 7, 23, 19],
"regularTrieds":[0, 13077, 12735, 17095, 17725, 19120, 18876, 20446, 17805, 19684, 15942],
"helperImprovements":[0.0, 0.0, 0.0, 0.0, 0.0, 0.0, 0.0, 0.0, 0.0, 0.0, 0.0],
"regularImprovements":[0.0, 27698.07321151854, 700.5708432266329, 271.11436621697794, 165.67570509658253, 336.57995769759145, 90.61126922248513, 43.304102805464936, 9.382913315334008, 149.78907352621172, 105.91164126167132],
"numWorkings":[0, 1, 1, 1, 1, 1, 1, 1, 1, 1, 1],
"totalWorkingTimes":[0, 133120, 127367, 127798, 129050, 126452, 126809, 125472, 120385, 127267, 127732]}