5{"problemName":"rc110_1.txt",
"populationK":1,
"lsRunTime":140000,
"addFirstNeighborhoods":true,
"numHelperNeighborhoods":0,
"numRounds":10,
"numMappers":1,
"roundLengths":[0, 154415, 147368, 150602, 150005, 150347, 146655, 150054, 149524, 149922, 144233],
"bestSolCosts":[78291.8141131672, 50869.59835459685, 50315.673838982526, 49629.35688075852, 49540.346022997255, 49359.89986625596, 49227.81826087366, 49206.2051938138, 49206.2051938138, 49177.32187527726, 49176.94114446418],
"helperTimes":[0, 0, 0, 0, 0, 0, 0, 0, 0, 0, 0],
"regularTimes":[0, 133099, 127121, 128939, 121956, 127447, 126095, 126253, 124903, 126858, 124532],
"helperSuccessfuls":[0, 0, 0, 0, 0, 0, 0, 0, 0, 0, 0],
"helperTrieds":[0, 0, 0, 0, 0, 0, 0, 0, 0, 0, 0],
"regularSuccessfuls":[0, 1215, 133, 105, 28, 40, 37, 4, 0, 12, 3],
"regularTrieds":[0, 6096, 14586, 19334, 20319, 22063, 20633, 22635, 19857, 21986, 19349],
"helperImprovements":[0.0, 0.0, 0.0, 0.0, 0.0, 0.0, 0.0, 0.0, 0.0, 0.0, 0.0],
"regularImprovements":[0.0, 27422.215758570354, 553.9245156143224, 686.316958224008, 89.01085776126274, 180.44615674129454, 132.08160538230004, 21.613067059857713, 0.0, 28.88331853654381, 0.3807308130781166],
"numWorkings":[0, 1, 1, 1, 1, 1, 1, 1, 1, 1, 1],
"totalWorkingTimes":[0, 133099, 127121, 128939, 121956, 127447, 126095, 126253, 124903, 126858, 124532]}