_{"problemName":"rc110_1.txt",
"populationK":1,
"lsRunTime":140000,
"addFirstNeighborhoods":true,
"numHelperNeighborhoods":0,
"numRounds":10,
"numMappers":2,
"roundLengths":[0, 155385, 149758, 151475, 148752, 149341, 150675, 150224, 153641, 150270, 150611],
"bestSolCosts":[78410.8375051587, 50504.36614414285, 49890.62146702581, 49387.40504978048, 49176.38347957414, 48935.107380321744, 48920.943442462405, 48815.61531836028, 48804.188446734195, 48781.722341594716, 48762.85738527234],
"helperTimes":[0, 0, 42, 33, 44, 73, 26, 30, 56, 26, 0],
"regularTimes":[0, 132347, 120052, 126623, 127715, 125814, 128206, 129436, 117627, 122927, 129195],
"helperSuccessfuls":[0, 0, 0, 0, 0, 0, 0, 1, 0, 0, 0],
"helperTrieds":[0, 0, 1, 1, 1, 1, 1, 1, 1, 1, 0],
"regularSuccessfuls":[0, 1476, 178, 112, 57, 66, 5, 15, 7, 7, 9],
"regularTrieds":[0, 13168, 12683, 17095, 15994, 16467, 17604, 11498, 15804, 15685, 21388],
"helperImprovements":[0.0, 0.0, 0.0, 0.0, 0.0, 0.0, 0.0, 1.3121506863390096, 0.0, 0.0, 0.0],
"regularImprovements":[0.0, 27906.471361015858, 613.7446771170362, 503.216417245334, 211.02157020633604, 241.27609925239813, 14.163937859339057, 104.015973415786, 11.426871626084903, 22.466105139479623, 18.864956322373473],
"numWorkings":[0, 2, 2, 2, 2, 2, 2, 2, 2, 2, 2],
"totalWorkingTimes":[0, 265720, 237256, 253534, 255994, 251902, 256677, 248371, 236569, 248576, 258148]}