Q{"problemName":"rc110_1.txt",
"populationK":1,
"lsRunTime":140000,
"addFirstNeighborhoods":true,
"numHelperNeighborhoods":0,
"numRounds":10,
"numMappers":2,
"roundLengths":[0, 154412, 149730, 150089, 150132, 150347, 152674, 145205, 150420, 150811, 148289],
"bestSolCosts":[74590.59154581244, 50321.676954619244, 49669.666995439, 49117.44372520325, 48818.47540925983, 48457.78445663737, 48259.357665095646, 48107.172381991404, 48056.64854926696, 48014.223477739535, 47989.1791869468],
"helperTimes":[0, 0, 23, 32, 22, 50, 26, 26, 30, 22, 26],
"regularTimes":[0, 131190, 127448, 125739, 127704, 128946, 128909, 123749, 118220, 128749, 128780],
"helperSuccessfuls":[0, 0, 0, 0, 0, 0, 0, 0, 0, 0, 0],
"helperTrieds":[0, 0, 1, 1, 1, 1, 1, 1, 1, 1, 1],
"regularSuccessfuls":[0, 1616, 138, 89, 81, 69, 51, 55, 23, 10, 4],
"regularTrieds":[0, 11619, 17403, 14862, 20872, 24293, 29112, 24820, 26622, 22599, 21774],
"helperImprovements":[0.0, 0.0, 0.0, 0.0, 0.0, 0.0, 0.0, 0.0, 0.0, 0.0, 0.0],
"regularImprovements":[0.0, 24268.914591193192, 652.0099591802427, 552.2232702357505, 298.96831594342075, 360.69095262246265, 198.4267915417222, 152.18528310424153, 50.52383272444422, 42.425071527424734, 25.04429079273541],
"numWorkings":[0, 2, 2, 2, 2, 2, 2, 2, 2, 2, 2],
"totalWorkingTimes":[0, 259198, 253133, 251631, 255197, 258246, 257901, 247520, 235970, 257399, 257510]}