]{"problemName":"rc110_1.txt",
"populationK":1,
"lsRunTime":140000,
"addFirstNeighborhoods":true,
"numHelperNeighborhoods":0,
"numRounds":10,
"numMappers":2,
"roundLengths":[0, 153508, 150650, 148765, 148451, 150344, 149672, 147222, 150409, 148808, 152296],
"bestSolCosts":[79049.23578519332, 50508.97977969458, 50166.817737756115, 50080.26181707187, 49886.671277017944, 49823.8867983862, 49746.13782793363, 49647.499608484766, 49554.49844399179, 49267.40287157189, 49173.54179989989],
"helperTimes":[0, 0, 21, 35, 27, 29, 43, 22, 22, 57, 58],
"regularTimes":[0, 135455, 127524, 127781, 125878, 123821, 115105, 126316, 116145, 125913, 129606],
"helperSuccessfuls":[0, 0, 0, 0, 0, 0, 0, 0, 1, 0, 0],
"helperTrieds":[0, 0, 1, 1, 1, 1, 1, 1, 1, 1, 1],
"regularSuccessfuls":[0, 1546, 79, 21, 56, 22, 23, 8, 11, 51, 14],
"regularTrieds":[0, 18163, 11867, 15063, 15138, 14600, 14351, 23834, 15932, 17456, 19189],
"helperImprovements":[0.0, 0.0, 0.0, 0.0, 0.0, 0.0, 0.0, 0.0, 10.779771215900837, 0.0, 0.0],
"regularImprovements":[0.0, 28540.25600549874, 342.1620419384635, 86.55592068424448, 193.59054005392682, 62.784478631743696, 77.7489704525724, 98.63821944886149, 82.22139327707555, 287.09557241990115, 93.86107167199953],
"numWorkings":[0, 2, 2, 2, 2, 2, 2, 2, 2, 2, 2],
"totalWorkingTimes":[0, 271001, 255116, 255604, 252322, 247939, 230223, 251724, 231697, 251668, 259191]}