`{"problemName":"rc110_1.txt",
"populationK":1,
"lsRunTime":140000,
"addFirstNeighborhoods":true,
"numHelperNeighborhoods":0,
"numRounds":10,
"numMappers":2,
"roundLengths":[0, 156567, 149584, 148767, 146445, 150351, 149942, 150073, 169539, 150267, 147605],
"bestSolCosts":[83220.93638109388, 52853.49748690085, 52272.114996907316, 51642.053046956884, 51415.71822678571, 51322.93238790889, 51175.259440618436, 51061.60191883342, 50997.494322900515, 50987.22809656481, 50958.32919265121],
"helperTimes":[0, 0, 22, 46, 19, 28, 35, 26, 18, 45, 41],
"regularTimes":[0, 135012, 119586, 124970, 127515, 126788, 129017, 127873, 128723, 125274, 126186],
"helperSuccessfuls":[0, 0, 0, 0, 0, 0, 0, 0, 0, 0, 1],
"helperTrieds":[0, 0, 1, 1, 1, 1, 1, 1, 1, 1, 1],
"regularSuccessfuls":[0, 1378, 100, 118, 62, 40, 41, 34, 35, 6, 8],
"regularTrieds":[0, 11659, 10925, 9657, 10342, 14269, 17811, 19100, 18034, 22395, 17726],
"helperImprovements":[0.0, 0.0, 0.0, 0.0, 0.0, 0.0, 0.0, 0.0, 0.0, 0.0, 2.6607230008376064],
"regularImprovements":[0.0, 30367.43889419303, 581.3824899935353, 630.0619499504319, 226.33482017117058, 92.7858388768218, 147.67294729045534, 113.65752178501862, 64.10759593290277, 10.266226335705142, 26.23818091276189],
"numWorkings":[0, 2, 2, 2, 2, 2, 2, 2, 2, 2, 2],
"totalWorkingTimes":[0, 272791, 244225, 248845, 255024, 255150, 257700, 255592, 280414, 250261, 253620]}