a{"problemName":"rc110_1.txt",
"populationK":1,
"lsRunTime":140000,
"addFirstNeighborhoods":true,
"numHelperNeighborhoods":0,
"numRounds":10,
"numMappers":5,
"roundLengths":[0, 154524, 147362, 151984, 148451, 147343, 153671, 159375, 150365, 146366, 149643],
"bestSolCosts":[77878.47504883571, 50983.16827392105, 50302.01823393111, 50054.53881426377, 49776.639401462635, 49579.50924058293, 49385.973557771256, 49281.25832842485, 49222.30475066343, 49188.850441458795, 49137.80833864781],
"helperTimes":[0, 0, 17, 20, 29, 38, 21, 37, 58, 31, 35],
"regularTimes":[0, 129650, 128023, 127889, 125358, 119227, 127993, 127959, 120963, 124934, 121838],
"helperSuccessfuls":[0, 0, 0, 0, 0, 1, 0, 0, 0, 0, 0],
"helperTrieds":[0, 0, 1, 1, 1, 1, 1, 1, 1, 1, 1],
"regularSuccessfuls":[0, 1564, 143, 74, 38, 69, 68, 44, 25, 19, 10],
"regularTrieds":[0, 11427, 15066, 16936, 20453, 11750, 14852, 16719, 14560, 16716, 18850],
"helperImprovements":[0.0, 0.0, 0.0, 0.0, 0.0, 2.2524743505346123, 0.0, 0.0, 0.0, 0.0, 0.0],
"regularImprovements":[0.0, 28462.98196217332, 681.1500399899451, 247.47941966733924, 277.8994128011327, 194.87768652917293, 193.535682811671, 104.71522934640961, 58.953577761414635, 33.45430920463696, 51.04210281098494],
"numWorkings":[0, 5, 5, 5, 5, 5, 5, 5, 5, 5, 5],
"totalWorkingTimes":[0, 650520, 625627, 640020, 617896, 604288, 637877, 635239, 604916, 624104, 620302]}