l{"problemName":"rc110_1.txt",
"populationK":1,
"lsRunTime":140000,
"addFirstNeighborhoods":true,
"numHelperNeighborhoods":0,
"numRounds":10,
"numMappers":5,
"roundLengths":[0, 154395, 146376, 150554, 155255, 144833, 152246, 145894, 148357, 146741, 152285],
"bestSolCosts":[71286.14572237697, 49697.83280278191, 48653.27440131008, 48422.189214495425, 48343.68221726171, 48330.31122108713, 48199.78389043897, 48137.84723498034, 48048.21507860562, 48013.68084544043, 47963.42873085219],
"helperTimes":[0, 0, 22, 29, 16, 34, 27, 36, 136, 28, 34],
"regularTimes":[0, 131201, 123633, 127625, 130390, 119343, 129475, 126016, 125968, 128457, 125681],
"helperSuccessfuls":[0, 0, 0, 0, 0, 0, 0, 0, 1, 0, 1],
"helperTrieds":[0, 0, 1, 1, 1, 1, 1, 1, 1, 1, 1],
"regularSuccessfuls":[0, 2535, 180, 47, 23, 10, 28, 19, 16, 14, 12],
"regularTrieds":[0, 17924, 7287, 16830, 23230, 21315, 27436, 21056, 23687, 26565, 19592],
"helperImprovements":[0.0, 0.0, 0.0, 0.0, 0.0, 0.0, 0.0, 0.0, 7.118035423278343, 0.0, 2.991389100709057],
"regularImprovements":[0.0, 76624.27931720906, 1044.558401471826, 231.08518681465648, 78.50699723371508, 13.370996174577158, 130.5273306481613, 61.93665545863041, 82.51412095144042, 34.534233165191836, 47.26072548753291],
"numWorkings":[0, 5, 5, 5, 5, 5, 5, 5, 5, 4, 5],
"totalWorkingTimes":[0, 655049, 614778, 639441, 633351, 596378, 629193, 619409, 632258, 513031, 627873]}