N{"problemName":"rc110_1.txt",
"populationK":1,
"lsRunTime":140000,
"addFirstNeighborhoods":true,
"numHelperNeighborhoods":0,
"numRounds":10,
"numMappers":5,
"roundLengths":[0, 168465, 149525, 154556, 149605, 149239, 149216, 148898, 149368, 149398, 148603],
"bestSolCosts":[72388.76232733733, 50387.63598360578, 49684.299808523625, 49486.19327465617, 49358.354087864114, 49294.35104626648, 49225.63532792258, 49136.87405576749, 49111.67801305298, 49093.8969251145, 49023.11673471353],
"helperTimes":[0, 0, 19, 18, 34, 88, 129, 21, 24, 26, 61],
"regularTimes":[0, 132123, 127627, 123590, 125450, 128443, 128547, 125626, 123359, 129268, 126763],
"helperSuccessfuls":[0, 0, 0, 0, 0, 0, 0, 0, 0, 0, 0],
"helperTrieds":[0, 0, 1, 1, 1, 1, 1, 1, 1, 1, 1],
"regularSuccessfuls":[0, 1408, 163, 56, 29, 33, 23, 24, 12, 8, 20],
"regularTrieds":[0, 12964, 12224, 21485, 20679, 17233, 22334, 23429, 19632, 20996, 17462],
"helperImprovements":[0.0, 0.0, 0.0, 0.0, 0.0, 0.0, 0.0, 0.0, 0.0, 0.0, 0.0],
"regularImprovements":[0.0, 22001.12634373155, 703.3361750821568, 198.10653386745253, 127.83918679205817, 64.00304159763618, 68.7157183438976, 88.76127215509041, 25.19604271450953, 17.781087938477867, 70.7801904009757],
"numWorkings":[0, 5, 5, 5, 5, 5, 5, 5, 5, 5, 5],
"totalWorkingTimes":[0, 686370, 639016, 636664, 611776, 642566, 643414, 628954, 621348, 640316, 641548]}