	{"problemName":"rc110_1.txt",
"populationK":1,
"lsRunTime":70000,
"addFirstNeighborhoods":true,
"numHelperNeighborhoods":0,
"numRounds":20,
"numMappers":100,
"roundLengths":[0, 103119, 89195, 81663, 79828, 78029, 90749, 80267, 85755, 80573, 82181, 78994, 78855, 110632, 85151, 73905, 79656, 73308, 85582, 77184, 77662],
"bestSolCosts":[68196.58931417338, 50558.65299047068, 49786.35327099649, 49171.102293995886, 48891.46261492785, 48597.64016818663, 48429.043823813205, 48376.8348886874, 48349.817803137295, 48301.13614643681, 48220.99757503584, 48173.167181283425, 48119.26505854548, 48086.603621370145, 48047.9904471985, 48028.532157963535, 48021.29084844649, 48006.52997767352, 47995.449032842065, 47987.889138196035, 47968.53390506741],
"helperTimes":[0, 0, 21, 29, 147, 57, 38, 92, 26, 42, 56, 44, 39, 175, 55, 44, 59, 123, 90, 49, 25],
"regularTimes":[0, 63456, 51540, 54259, 54720, 53285, 56788, 55649, 55022, 51958, 49903, 54543, 49159, 77679, 54393, 54463, 49205, 54047, 53155, 54366, 56280],
"helperSuccessfuls":[0, 0, 0, 0, 0, 0, 0, 0, 0, 0, 1, 0, 1, 0, 0, 0, 0, 1, 1, 0, 0],
"helperTrieds":[0, 0, 1, 1, 1, 1, 1, 1, 1, 1, 1, 1, 1, 1, 1, 1, 1, 1, 1, 1, 1],
"regularSuccessfuls":[0, 1467, 87, 72, 75, 54, 39, 6, 15, 15, 17, 21, 13, 12, 17, 6, 3, 5, 2, 3, 6],
"regularTrieds":[0, 8162, 2542, 5629, 7131, 6153, 8089, 7351, 9936, 9330, 9822, 5942, 6021, 6321, 7250, 6194, 6786, 11574, 10010, 11939, 7766],
"helperImprovements":[0.0, 0.0, 0.0, 0.0, 0.0, 0.0, 0.0, 0.0, 0.0, 0.0, 4.188759076627321, 0.0, 1.5009279349906137, 0.0, 0.0, 0.0, 0.0, 3.900069154893572, 3.697399361313728, 0.0, 0.0],
"regularImprovements":[0.0, 31895.689476074105, 772.2997194741838, 615.2509770006072, 279.63967906803737, 293.82244674122194, 168.59634437342174, 52.20893512580369, 27.01708555010555, 48.6816567004862, 75.94981232433929, 47.830393752417876, 52.40119480295107, 32.661437175338506, 38.61317417164537, 19.458289234964468, 7.241309517041373, 10.860801618080586, 7.383545470140234, 7.559894646030443, 19.355233128626423],
"numWorkings":[0, 100, 100, 99, 93, 93, 97, 100, 98, 98, 97, 96, 99, 96, 100, 92, 99, 95, 100, 98, 100],
"totalWorkingTimes":[0, 6346328, 5275097, 5399969, 5168230, 5038444, 5529923, 4955085, 5460336, 3934644, 4838447, 5292653, 5128909, 5551249, 5411132, 4980987, 4952269, 5062409, 5417518, 5320743, 5634054]}