[{"problemName":"rc110_1.txt",
"populationK":1,
"lsRunTime":140000,
"addFirstNeighborhoods":true,
"numHelperNeighborhoods":0,
"numRounds":10,
"numMappers":5,
"roundLengths":[0, 154036, 148668, 148542, 149155, 147803, 149795, 152221, 149347, 147264, 151775],
"bestSolCosts":[72958.31915338962, 50687.97864138568, 50037.485033193036, 49764.49783642084, 49473.823462256594, 49337.68333379728, 49260.90141417635, 49192.62096266892, 48871.0974865014, 48834.33200997415, 48794.02377718465],
"helperTimes":[0, 0, 50, 17, 34, 45, 35, 95, 43, 33, 25],
"regularTimes":[0, 132766, 122878, 128001, 128375, 123657, 121577, 127079, 126096, 127919, 127919],
"helperSuccessfuls":[0, 0, 0, 0, 0, 0, 1, 0, 0, 0, 0],
"helperTrieds":[0, 0, 1, 1, 1, 1, 1, 1, 1, 1, 1],
"regularSuccessfuls":[0, 1426, 140, 74, 49, 29, 14, 20, 62, 13, 6],
"regularTrieds":[0, 16649, 19915, 25375, 22438, 22821, 24965, 24884, 23935, 22956, 21254],
"helperImprovements":[0.0, 0.0, 0.0, 0.0, 0.0, 0.0, 9.673780609853566, 0.0, 0.0, 0.0, 0.0],
"regularImprovements":[0.0, 22270.34051200394, 650.4936081926426, 272.98719677219924, 290.6743741642422, 136.14012845931575, 67.10813901107758, 68.280451507424, 321.52347616752377, 36.76547652725276, 40.30823278949538],
"numWorkings":[0, 5, 5, 5, 5, 5, 5, 5, 5, 5, 5],
"totalWorkingTimes":[0, 669118, 617495, 640600, 641991, 622518, 635865, 634892, 638511, 638754, 628499]}