{"problemName":"rc110_1.txt",
"populationK":1,
"lsRunTime":140000,
"addFirstNeighborhoods":true,
"numHelperNeighborhoods":0,
"numRounds":10,
"numMappers":10,
"roundLengths":[0, 153325, 149665, 143537, 152627, 155433, 144705, 150215, 143354, 148759, 147261],
"bestSolCosts":[70169.36738274839, 50790.25395413565, 49657.397129856, 49417.491491178975, 49106.28270282797, 48760.83684077127, 48637.042158586395, 48499.99577133798, 48405.711233338065, 48328.57333183616, 48239.81271432967],
"helperTimes":[0, 0, 21, 101, 21, 87, 34, 25, 43, 30, 57],
"regularTimes":[0, 131798, 124259, 126344, 124807, 125332, 115751, 117237, 120450, 128152, 125448],
"helperSuccessfuls":[0, 0, 0, 0, 1, 0, 0, 0, 1, 0, 0],
"helperTrieds":[0, 0, 1, 1, 1, 1, 1, 1, 1, 1, 1],
"regularSuccessfuls":[0, 1296, 199, 52, 29, 89, 37, 24, 17, 14, 19],
"regularTrieds":[0, 11020, 12091, 16761, 19475, 19042, 14595, 20850, 18634, 21370, 18609],
"helperImprovements":[0.0, 0.0, 0.0, 0.0, 0.5332622952992097, 0.0, 0.0, 0.0, 0.13585336012329208, 0.0, 0.0],
"regularImprovements":[0.0, 21568.51829999809, 1132.8568242796537, 239.9056386770244, 310.6755260557038, 345.445862056702, 123.79468218487455, 137.0463872484179, 94.14868463978928, 77.13790150190471, 88.7606175064866],
"numWorkings":[0, 10, 10, 9, 10, 10, 10, 10, 9, 10, 9],
"totalWorkingTimes":[0, 1322394, 1252887, 1142988, 1258967, 1255049, 1166023, 1180457, 1086596, 1261791, 1118613]}