d{"problemName":"rc110_1.txt",
"populationK":1,
"lsRunTime":140000,
"addFirstNeighborhoods":true,
"numHelperNeighborhoods":0,
"numRounds":10,
"numMappers":10,
"roundLengths":[0, 154492, 149425, 147439, 151829, 149595, 142528, 160252, 149486, 152267, 150623],
"bestSolCosts":[69124.03901355912, 50786.67936011925, 49880.02915312724, 49608.38257808092, 49295.279209000444, 49240.86696977845, 49047.505032684654, 48946.70869411528, 48864.67407086292, 48774.09529119778, 48692.6980989447],
"helperTimes":[0, 0, 21, 24, 169, 25, 83, 34, 57, 113, 25],
"regularTimes":[0, 130956, 124215, 122926, 127401, 121490, 123481, 122495, 128473, 123207, 127597],
"helperSuccessfuls":[0, 0, 0, 0, 0, 0, 0, 0, 0, 0, 0],
"helperTrieds":[0, 0, 1, 1, 1, 1, 1, 1, 1, 1, 1],
"regularSuccessfuls":[0, 1240, 138, 77, 73, 15, 47, 10, 7, 18, 18],
"regularTrieds":[0, 9000, 12212, 14900, 17454, 17288, 18161, 19667, 19720, 15699, 17080],
"helperImprovements":[0.0, 0.0, 0.0, 0.0, 0.0, 0.0, 0.0, 0.0, 0.0, 0.0, 0.0],
"regularImprovements":[0.0, 18337.359653439868, 906.6502069920098, 271.6465750463176, 313.1033690804761, 54.41223922199424, 193.36193709379586, 100.79633856937289, 82.03462325235887, 90.57877966514206, 81.39719225308363],
"numWorkings":[0, 10, 10, 10, 10, 10, 9, 10, 10, 10, 10],
"totalWorkingTimes":[0, 1318048, 1254962, 1221571, 1264334, 1216724, 1113900, 1242855, 1249280, 1245124, 1278572]}