b{"problemName":"rc110_1.txt",
"populationK":1,
"lsRunTime":140000,
"addFirstNeighborhoods":true,
"numHelperNeighborhoods":0,
"numRounds":10,
"numMappers":10,
"roundLengths":[0, 154475, 147409, 149461, 174294, 145796, 149209, 150921, 144343, 151407, 146808],
"bestSolCosts":[73707.08962021799, 49759.27106295261, 49288.88172710119, 49027.49370247753, 48792.7129971905, 48702.03480439124, 48622.15912197616, 48424.19096690583, 48361.441416670445, 48212.26852453985, 48161.47556235649],
"helperTimes":[0, 0, 23, 61, 30, 25, 31, 43, 30, 62, 102],
"regularTimes":[0, 129267, 120164, 127625, 128720, 121343, 130297, 127058, 120561, 128603, 124585],
"helperSuccessfuls":[0, 0, 0, 0, 0, 0, 0, 0, 0, 0, 0],
"helperTrieds":[0, 0, 1, 1, 1, 1, 1, 1, 1, 1, 1],
"regularSuccessfuls":[0, 1531, 93, 52, 73, 37, 22, 43, 20, 22, 8],
"regularTrieds":[0, 11885, 17320, 19941, 25538, 28200, 28453, 20858, 20653, 23144, 18074],
"helperImprovements":[0.0, 0.0, 0.0, 0.0, 0.0, 0.0, 0.0, 0.0, 0.0, 0.0, 0.0],
"regularImprovements":[0.0, 23947.818557265375, 470.38933585142513, 261.38802462365857, 234.78070528702665, 90.67819279926334, 79.87568241507688, 197.9681550703317, 62.74955023538496, 149.1728921305912, 50.79296218336094],
"numWorkings":[0, 10, 10, 10, 10, 9, 10, 10, 9, 10, 10],
"totalWorkingTimes":[0, 1300122, 1241421, 1284523, 1322657, 1115040, 1283939, 1278505, 1101377, 1283936, 1248033]}