d{"problemName":"rc110_1.txt",
"populationK":1,
"lsRunTime":140000,
"addFirstNeighborhoods":true,
"numHelperNeighborhoods":0,
"numRounds":10,
"numMappers":10,
"roundLengths":[0, 154488, 150524, 152558, 148604, 156257, 150212, 148914, 148348, 149406, 147593],
"bestSolCosts":[69902.46590039959, 50295.2161362428, 49683.69165507515, 49384.12391482973, 49266.57632323196, 49111.59658034315, 49065.622488781104, 49006.07242479795, 48915.45164883795, 48895.211269980806, 48832.61256122925],
"helperTimes":[0, 0, 21, 70, 33, 25, 18, 39, 46, 40, 71],
"regularTimes":[0, 130378, 122609, 126952, 120112, 129217, 124312, 126957, 126338, 128598, 124783],
"helperSuccessfuls":[0, 0, 0, 0, 0, 0, 0, 0, 0, 0, 0],
"helperTrieds":[0, 0, 1, 1, 1, 1, 1, 1, 1, 1, 1],
"regularSuccessfuls":[0, 1543, 113, 47, 14, 44, 18, 20, 23, 9, 18],
"regularTrieds":[0, 15931, 16134, 14842, 19460, 18331, 21606, 27352, 20160, 21077, 19802],
"helperImprovements":[0.0, 0.0, 0.0, 0.0, 0.0, 0.0, 0.0, 0.0, 0.0, 0.0, 0.0],
"regularImprovements":[0.0, 26948.38284239704, 611.524481167653, 299.56774024541664, 117.54759159777313, 154.97974288880505, 45.97409156204958, 59.55006398315163, 90.62077596000017, 20.240378857146425, 62.598708751553204],
"numWorkings":[0, 10, 10, 10, 10, 8, 10, 10, 10, 10, 10],
"totalWorkingTimes":[0, 1317839, 1249166, 1278899, 1204481, 1037831, 1258537, 1265241, 1241854, 1269536, 1259825]}