‚{"problemName":"rc110_1.txt",
"populationK":1,
"lsRunTime":140000,
"addFirstNeighborhoods":true,
"numHelperNeighborhoods":0,
"numRounds":10,
"numMappers":20,
"roundLengths":[0, 189210, 152414, 150719, 158447, 144602, 151752, 148248, 150206, 148435, 146275],
"bestSolCosts":[71736.04490641147, 50163.34594468464, 49726.841802122886, 49606.24932155521, 49447.991772320616, 49387.57481169064, 49300.14406743949, 49269.14871534397, 49255.089518237946, 49242.55396593211, 49238.803997812174],
"helperTimes":[0, 0, 30, 31, 56, 74, 41, 40, 40, 27, 24],
"regularTimes":[0, 132445, 128763, 125885, 125158, 118098, 111407, 116770, 118745, 127477, 120611],
"helperSuccessfuls":[0, 0, 0, 0, 0, 0, 0, 1, 0, 1, 0],
"helperTrieds":[0, 0, 1, 1, 1, 1, 1, 1, 1, 1, 1],
"regularSuccessfuls":[0, 1334, 61, 29, 47, 17, 22, 14, 8, 9, 1],
"regularTrieds":[0, 13892, 12051, 6532, 15876, 14951, 15319, 21430, 20364, 17788, 27351],
"helperImprovements":[0.0, 0.0, 0.0, 0.0, 0.0, 0.0, 0.0, 0.8475508378469385, 0.0, 0.8315304450807162, 0.0],
"regularImprovements":[0.0, 21572.698961726826, 436.5041425617528, 120.59248056767683, 158.25754923459317, 60.41696062997653, 87.43074425114901, 30.1478012576772, 14.059197106020292, 11.704021860758075, 3.749968119933328],
"numWorkings":[0, 20, 20, 19, 20, 18, 20, 20, 20, 20, 20],
"totalWorkingTimes":[0, 2709131, 2546178, 2306551, 2537489, 2158627, 2203020, 2341149, 2405935, 2518935, 2411804]}