u{"problemName":"rc110_1.txt",
"populationK":1,
"lsRunTime":140000,
"addFirstNeighborhoods":true,
"numHelperNeighborhoods":0,
"numRounds":10,
"numMappers":20,
"roundLengths":[0, 152588, 149778, 168835, 148897, 147980, 144722, 147207, 154270, 152529, 150788],
"bestSolCosts":[71122.63848470527, 49852.27811954825, 49046.25245768615, 48619.542725862266, 48426.04061995194, 48308.96648252584, 48221.46500759839, 48126.831659894466, 48067.0811660124, 47995.454882873666, 47971.50813331649],
"helperTimes":[0, 0, 20, 30, 32, 51, 27, 32, 49, 33, 79],
"regularTimes":[0, 133745, 122270, 126670, 124806, 119072, 120532, 123406, 121573, 121407, 113206],
"helperSuccessfuls":[0, 0, 0, 0, 0, 0, 0, 1, 0, 0, 0],
"helperTrieds":[0, 0, 1, 1, 1, 1, 1, 1, 1, 1, 1],
"regularSuccessfuls":[0, 1378, 136, 125, 45, 26, 17, 22, 14, 30, 14],
"regularTrieds":[0, 12292, 7303, 12827, 14447, 17684, 14857, 19705, 19456, 15385, 16429],
"helperImprovements":[0.0, 0.0, 0.0, 0.0, 0.0, 0.0, 0.0, 2.965577225011657, 0.0, 0.0, 0.0],
"regularImprovements":[0.0, 21270.360365157016, 806.0256618621061, 426.70973182388116, 193.50210591032373, 117.07413742610515, 87.50147492744873, 91.66777047891082, 59.75049388206389, 71.62628313873574, 23.94674955717346],
"numWorkings":[0, 20, 20, 20, 20, 19, 18, 20, 20, 18, 20],
"totalWorkingTimes":[0, 2623537, 2478157, 2478383, 2524480, 2320344, 2184472, 2512438, 2517202, 2193162, 2311078]}