h{"problemName":"rc110_1.txt",
"populationK":1,
"lsRunTime":140000,
"addFirstNeighborhoods":true,
"numHelperNeighborhoods":0,
"numRounds":10,
"numMappers":20,
"roundLengths":[0, 152251, 150524, 143537, 149916, 150030, 144789, 149213, 145496, 147261, 148608],
"bestSolCosts":[70909.41932062327, 49966.77904229257, 49271.48924383545, 48942.892691683905, 48796.44505170597, 48577.29137575675, 48518.891524075756, 48368.8769505076, 48219.77791656109, 48074.119623338614, 48010.887727113084],
"helperTimes":[0, 0, 19, 29, 23, 67, 27, 26, 36, 40, 41],
"regularTimes":[0, 129098, 123054, 122487, 127562, 127102, 114884, 122593, 124496, 116743, 124049],
"helperSuccessfuls":[0, 0, 0, 0, 0, 0, 0, 0, 0, 0, 0],
"helperTrieds":[0, 0, 1, 1, 1, 1, 1, 1, 1, 1, 1],
"regularSuccessfuls":[0, 1392, 132, 90, 42, 44, 15, 27, 35, 24, 20],
"regularTrieds":[0, 16024, 23356, 26021, 24300, 28325, 26191, 26978, 31331, 28241, 23978],
"helperImprovements":[0.0, 0.0, 0.0, 0.0, 0.0, 0.0, 0.0, 0.0, 0.0, 0.0, 0.0],
"regularImprovements":[0.0, 22568.372784926913, 695.2897984571173, 328.59655215154635, 146.4476399779378, 219.15367594921554, 58.3998516809952, 150.01457356815808, 149.0990339465061, 145.65829322247737, 63.23189622553036],
"numWorkings":[0, 20, 20, 18, 20, 20, 18, 19, 19, 19, 20],
"totalWorkingTimes":[0, 2595319, 2506825, 2228767, 2468289, 2442340, 2141928, 2386677, 2405437, 2273212, 2461590]}