v{"problemName":"rc110_1.txt",
"populationK":1,
"lsRunTime":140000,
"addFirstNeighborhoods":true,
"numHelperNeighborhoods":0,
"numRounds":10,
"numMappers":20,
"roundLengths":[0, 155319, 148517, 148552, 139941, 144979, 149794, 144573, 151140, 148260, 144605],
"bestSolCosts":[68205.18685794319, 50230.78158549004, 49733.972764316, 49467.78626627812, 49367.26419844873, 49236.81819699456, 49210.47709519906, 49153.16457250217, 49089.42047963521, 48995.78467159415, 48970.01098884712],
"helperTimes":[0, 0, 32, 37, 198, 116, 24, 81, 29, 65, 40],
"regularTimes":[0, 128291, 124372, 126645, 113961, 130189, 129825, 125358, 123730, 121009, 124092],
"helperSuccessfuls":[0, 0, 0, 0, 0, 0, 0, 0, 1, 0, 0],
"helperTrieds":[0, 0, 1, 1, 1, 1, 1, 1, 1, 1, 1],
"regularSuccessfuls":[0, 1418, 114, 35, 22, 31, 10, 21, 16, 15, 6],
"regularTrieds":[0, 11987, 19148, 24675, 20841, 23043, 26482, 22985, 23444, 19327, 23328],
"helperImprovements":[0.0, 0.0, 0.0, 0.0, 0.0, 0.0, 0.0, 0.0, 1.8523882448062068, 0.0, 0.0],
"regularImprovements":[0.0, 26413.085477191184, 496.8088211740396, 266.1864980378814, 100.52206782939174, 130.44600145416916, 26.341101795500435, 57.312522696884116, 61.891704622154066, 93.63580804106459, 25.773682747028943],
"numWorkings":[0, 20, 20, 19, 18, 19, 20, 16, 20, 20, 18],
"totalWorkingTimes":[0, 2587224, 2485530, 2417915, 2098276, 2437673, 2578171, 2011714, 2484879, 2382814, 2238957]}