p{"problemName":"rc110_1.txt",
"populationK":1,
"lsRunTime":140000,
"addFirstNeighborhoods":true,
"numHelperNeighborhoods":0,
"numRounds":10,
"numMappers":50,
"roundLengths":[0, 153529, 147390, 149663, 148323, 144507, 159951, 147187, 147485, 152304, 146573],
"bestSolCosts":[71529.18402187948, 49974.89172329641, 49227.183246148415, 48882.03295082047, 48790.39255359488, 48617.74726210073, 48483.96334514794, 48389.634164108014, 48368.86452157146, 48327.99577621272, 48274.41034092853],
"helperTimes":[0, 0, 21, 25, 27, 35, 66, 46, 206, 29, 34],
"regularTimes":[0, 131662, 127921, 123933, 121971, 121512, 99593, 122794, 123864, 123160, 116701],
"helperSuccessfuls":[0, 0, 0, 0, 0, 0, 0, 0, 0, 1, 0],
"helperTrieds":[0, 0, 1, 1, 1, 1, 1, 1, 1, 1, 1],
"regularSuccessfuls":[0, 1514, 175, 62, 30, 50, 38, 37, 7, 5, 14],
"regularTrieds":[0, 9816, 10401, 16268, 22894, 18672, 13813, 21074, 21016, 22775, 22034],
"helperImprovements":[0.0, 0.0, 0.0, 0.0, 0.0, 0.0, 0.0, 0.0, 0.0, 2.9925826964899898, 0.0],
"regularImprovements":[0.0, 29016.18239837973, 747.7084771479931, 345.1502953279487, 91.64039722558664, 172.6452914941474, 133.78391695279424, 94.32918103992415, 20.769642536557512, 37.87616266224359, 53.5854352841925],
"numWorkings":[0, 50, 50, 49, 47, 46, 49, 49, 49, 50, 50],
"totalWorkingTimes":[0, 6590017, 6353194, 6112884, 5774098, 5503677, 5485762, 5893877, 6132968, 6166354, 5885341]}