	&{"problemName":"rc110_1.txt",
"populationK":1,
"lsRunTime":70000,
"addFirstNeighborhoods":true,
"numHelperNeighborhoods":0,
"numRounds":20,
"numMappers":100,
"roundLengths":[0, 85060, 84178, 80824, 79765, 79928, 76685, 105799, 84716, 82638, 75782, 87832, 86611, 85653, 79146, 79845, 82540, 80377, 81526, 79651, 79660],
"bestSolCosts":[67879.91201040873, 50065.39079071242, 49529.538834649735, 49091.834595696324, 48820.33219382821, 48727.77131652709, 48646.18970032887, 48475.19393740269, 48287.29154416498, 48224.17473095432, 48163.588123636044, 48137.934406243076, 48056.271804792676, 47944.73576305575, 47887.385088207, 47834.43674259873, 47807.63675684825, 47786.06046684677, 47767.09899098863, 47754.64189363168, 47751.81439501427],
"helperTimes":[0, 0, 20, 33, 17, 66, 35, 113, 25, 29, 54, 32, 126, 34, 57, 32, 19, 37, 32, 36, 28],
"regularTimes":[0, 62246, 54755, 54853, 52534, 54332, 53919, 55252, 53926, 49857, 54887, 54305, 53356, 58204, 39829, 56872, 48791, 57564, 53363, 53041, 51471],
"helperSuccessfuls":[0, 0, 0, 0, 0, 0, 1, 0, 0, 0, 1, 0, 0, 1, 0, 1, 0, 0, 0, 1, 0],
"helperTrieds":[0, 0, 1, 1, 1, 1, 1, 1, 1, 1, 1, 1, 1, 1, 1, 1, 1, 1, 1, 1, 1],
"regularSuccessfuls":[0, 1436, 115, 93, 43, 13, 20, 28, 17, 21, 14, 10, 21, 39, 12, 19, 6, 4, 2, 2, 5],
"regularTrieds":[0, 10580, 5794, 6394, 7820, 7699, 9240, 9041, 8587, 7994, 7147, 7979, 6775, 7898, 5350, 7247, 7113, 12467, 7639, 10137, 8429],
"helperImprovements":[0.0, 0.0, 0.0, 0.0, 0.0, 0.0, 10.530856790755934, 0.0, 0.0, 0.0, 2.152088543465652, 0.0, 0.0, 2.8391097846033517, 0.0, 0.4837288463313598, 0.0, 0.0, 0.0, 10.679166799018276, 0.0],
"regularImprovements":[0.0, 21864.457774226335, 535.8519560626883, 437.7042389534108, 271.50240186811425, 92.56087730111904, 71.0507594074661, 170.99576292617712, 187.90239323770948, 63.11681321066135, 58.434518774811295, 25.653717392968247, 81.66260145039996, 108.69693195231957, 57.35067484875617, 52.46461676193576, 26.79998575047648, 21.57629000148154, 18.961475858144695, 1.7779305579315405, 2.8274986174074],
"numWorkings":[0, 100, 100, 97, 100, 98, 97, 97, 95, 100, 96, 100, 100, 100, 100, 96, 32, 98, 100, 100, 100],
"totalWorkingTimes":[0, 6322258, 5506379, 5302902, 4925469, 5359232, 5164395, 5077959, 5131085, 5146706, 4806688, 5445722, 5408782, 5811233, 4261908, 5479411, 2567026, 5643381, 5049167, 5441060, 5034293]}