…{"problemName":"rc110_1.txt",
"populationK":1,
"lsRunTime":140000,
"addFirstNeighborhoods":true,
"numHelperNeighborhoods":0,
"numRounds":10,
"numMappers":50,
"roundLengths":[0, 153423, 153517, 149619, 148009, 151978, 149789, 153487, 148138, 150285, 148790],
"bestSolCosts":[71670.40980369657, 49430.74142021559, 48883.937667617516, 48625.88106835048, 48517.416860949605, 48368.864926720424, 48262.40386385369, 48190.12334010787, 48160.876699503446, 48151.583861543055, 48134.57818059418],
"helperTimes":[0, 0, 26, 59, 24, 28, 35, 65, 50, 266, 72],
"regularTimes":[0, 131865, 124350, 119311, 124516, 125560, 128492, 121871, 123758, 123550, 122166],
"helperSuccessfuls":[0, 0, 0, 0, 0, 0, 0, 0, 0, 1, 1],
"helperTrieds":[0, 0, 1, 1, 1, 1, 1, 1, 1, 1, 1],
"regularSuccessfuls":[0, 1453, 84, 66, 15, 39, 20, 11, 5, 9, 4],
"regularTrieds":[0, 12729, 14271, 16640, 18541, 19156, 19165, 19218, 20409, 19730, 21639],
"helperImprovements":[0.0, 0.0, 0.0, 0.0, 0.0, 0.0, 0.0, 0.0, 0.0, 0.7645626970988815, 1.571909538048203],
"regularImprovements":[0.0, 26228.420508690368, 546.8037525980762, 258.0565992670381, 108.46420740087342, 148.55193422918092, 106.46106286673603, 72.28052374581603, 29.24664060442592, 8.528275263292016, 15.433771410826012],
"numWorkings":[0, 50, 50, 50, 48, 49, 50, 47, 50, 50, 50],
"totalWorkingTimes":[0, 6623444, 6230656, 6035381, 6017307, 6167953, 6078656, 5816666, 6258607, 6210961, 6176081]}