ˆ{"problemName":"rc110_1.txt",
"populationK":1,
"lsRunTime":140000,
"addFirstNeighborhoods":true,
"numHelperNeighborhoods":0,
"numRounds":10,
"numMappers":50,
"roundLengths":[0, 153709, 148497, 153612, 147259, 153799, 147558, 146283, 145481, 143289, 147581],
"bestSolCosts":[70233.31737204929, 49620.996115161404, 48983.172826710346, 48859.94632897403, 48753.43442122218, 48554.01916452029, 48430.726812054934, 48281.507618809774, 48214.63340980316, 48087.43001562973, 48014.8327991677],
"helperTimes":[0, 0, 48, 34, 34, 26, 36, 104, 24, 54, 399],
"regularTimes":[0, 128209, 125113, 118842, 125470, 112390, 123782, 122932, 124631, 124003, 97303],
"helperSuccessfuls":[0, 0, 0, 0, 0, 0, 0, 1, 0, 0, 1],
"helperTrieds":[0, 0, 1, 1, 1, 1, 1, 1, 1, 1, 1],
"regularSuccessfuls":[0, 1544, 124, 50, 52, 28, 28, 51, 19, 24, 17],
"regularTrieds":[0, 11531, 17847, 20824, 23919, 24334, 25548, 23008, 21247, 21228, 14040],
"helperImprovements":[0.0, 0.0, 0.0, 0.0, 0.0, 0.0, 0.0, 1.1493264459131751, 0.0, 0.0, 0.46813029886834556],
"regularImprovements":[0.0, 24670.692401138564, 637.823288451058, 123.22649773631565, 106.51190775185387, 199.41525670189003, 123.29235246535245, 148.0698667992474, 66.87420900661527, 127.2033941734262, 72.12908616316417],
"numWorkings":[0, 49, 50, 47, 50, 50, 48, 47, 45, 47, 47],
"totalWorkingTimes":[0, 6324295, 6300849, 5670298, 6236369, 5632446, 5922926, 5889500, 5645141, 5829687, 4904029]}