‰{"problemName":"rc110_1.txt",
"populationK":1,
"lsRunTime":140000,
"addFirstNeighborhoods":true,
"numHelperNeighborhoods":0,
"numRounds":10,
"numMappers":50,
"roundLengths":[0, 157128, 155395, 146706, 160458, 154623, 187134, 153949, 165673, 168327, 152739],
"bestSolCosts":[68403.0774393099, 49156.70589010547, 48679.43280976413, 48381.183009822365, 48273.97191049905, 48264.41536513973, 48243.56307568827, 48231.04179556585, 48193.3259163757, 48025.10021126085, 47882.518738240506],
"helperTimes":[0, 0, 16, 20, 33, 57, 94, 22, 52, 236, 35],
"regularTimes":[0, 129270, 124634, 124856, 128856, 127060, 125992, 129498, 133857, 121394, 115916],
"helperSuccessfuls":[0, 0, 0, 0, 0, 0, 1, 0, 0, 1, 1],
"helperTrieds":[0, 0, 1, 1, 1, 1, 1, 1, 1, 1, 1],
"regularSuccessfuls":[0, 1640, 100, 59, 27, 6, 4, 6, 2, 16, 19],
"regularTrieds":[0, 12670, 8419, 17643, 6041, 11151, 8415, 14210, 13251, 10508, 14643],
"helperImprovements":[0.0, 0.0, 0.0, 0.0, 0.0, 0.0, 1.4984940844005905, 0.0, 0.0, 7.733821746769536, 0.08034998332004761],
"regularImprovements":[0.0, 24157.51766146178, 477.2730803413433, 298.249799941761, 107.21109932331456, 9.556545359322627, 19.35379536706023, 12.52128012241883, 37.71587919014564, 160.49188336808584, 142.5011230370219],
"numWorkings":[0, 49, 50, 49, 46, 50, 50, 50, 50, 46, 49],
"totalWorkingTimes":[0, 6375961, 6239322, 6157594, 5906490, 6343334, 6333990, 6366410, 6406375, 5689321, 5828917]}