˜{"problemName":"rc110_1.txt",
"populationK":1,
"lsRunTime":140000,
"addFirstNeighborhoods":true,
"numHelperNeighborhoods":0,
"numRounds":10,
"numMappers":500,
"roundLengths":[0, 172696, 159438, 147841, 165441, 150597, 149679, 148214, 150311, 147628, 148750],
"bestSolCosts":[68997.29673240636, 49474.21836637822, 48810.419362300636, 48565.01037329857, 48403.465453959405, 48326.12696753357, 48272.34969154879, 48230.79287930058, 48197.101485556974, 48129.79713252708, 48096.74619788571],
"helperTimes":[0, 0, 28, 71, 48, 23, 90, 19, 116, 118, 84],
"regularTimes":[0, 125904, 121075, 120864, 121005, 120533, 125896, 121484, 123533, 124961, 123599],
"helperSuccessfuls":[0, 0, 0, 0, 0, 0, 1, 0, 1, 0, 0],
"helperTrieds":[0, 0, 1, 1, 1, 1, 1, 1, 1, 1, 1],
"regularSuccessfuls":[0, 1441, 117, 58, 25, 15, 19, 9, 19, 9, 18],
"regularTrieds":[0, 10764, 14123, 19854, 18386, 20873, 20724, 23951, 20331, 19635, 22515],
"helperImprovements":[0.0, 0.0, 0.0, 0.0, 0.0, 0.0, 0.28923717507132096, 0.0, 6.247600437869551, 0.0, 0.0],
"regularImprovements":[0.0, 29407.649411771723, 663.799004077584, 245.4089890020623, 161.5449193391687, 77.33848642583325, 53.48803880970809, 41.556812248214555, 27.44379330573429, 67.30435302989645, 33.05093464136735],
"numWorkings":[0, 499, 500, 499, 491, 487, 493, 500, 500, 500, 500],
"totalWorkingTimes":[0, 64031945, 61834388, 61026000, 60374214, 59607470, 57959055, 60318925, 62037063, 61847643, 62314740]}