		{"problemName":"rc110_1.txt",
"populationK":160,
"lsRunTime":70000,
"addFirstNeighborhoods":true,
"numHelperNeighborhoods":0,
"numRounds":20,
"numMappers":200,
"roundLengths":[0, 92998, 79643, 85400, 83598, 104980, 78882, 81736, 77766, 80121, 80532, 102847, 85807, 111580, 85615, 78845, 86518, 75025, 80690, 83106, 80953],
"bestSolCosts":[68889.2257109044, 49666.743337168, 49016.526874677984, 48761.94085250304, 48582.036731272616, 48465.722824747834, 48314.444333203115, 48241.197327712376, 48167.489790668944, 48060.60965253304, 47956.545049867265, 47883.53205733775, 47834.33414023018, 47781.161283883535, 47748.722011396385, 47697.0789738918, 47681.76263440917, 47671.17207347926, 47661.9325535891, 47653.97675052468, 47645.67829809436],
"helperTimes":[0, 0, 57, 20, 32, 24, 29, 58, 85, 80, 168, 26, 45, 30, 20, 54, 63, 52, 29, 27, 47],
"regularTimes":[0, 61872, 55153, 54891, 58589, 55776, 54127, 53881, 51992, 54807, 51257, 49795, 55439, 54972, 54218, 52719, 55864, 50334, 50841, 54635, 32025],
"helperSuccessfuls":[0, 0, 0, 0, 0, 0, 0, 0, 0, 0, 1, 0, 0, 0, 0, 0, 0, 0, 0, 0, 0],
"helperTrieds":[0, 0, 1, 1, 1, 1, 1, 1, 1, 1, 1, 1, 1, 1, 1, 1, 1, 1, 1, 1, 1],
"regularSuccessfuls":[0, 1378, 103, 39, 60, 33, 53, 22, 21, 47, 17, 22, 15, 26, 4, 23, 5, 2, 1, 3, 2],
"regularTrieds":[0, 8552, 4065, 8117, 7635, 8173, 7415, 9111, 5156, 6728, 6412, 5499, 11069, 11742, 9854, 7965, 14921, 12570, 10735, 13822, 4012],
"helperImprovements":[0.0, 0.0, 0.0, 0.0, 0.0, 0.0, 0.0, 0.0, 0.0, 0.0, 18.58226377939718, 0.0, 0.0, 0.0, 0.0, 0.0, 0.0, 0.0, 0.0, 0.0, 0.0],
"regularImprovements":[0.0, 24019.21598649276, 650.2164624900179, 254.58602217494627, 345.08435207053844, 116.31390652478149, 244.55486953640502, 73.24700549073896, 73.70753704343224, 168.67406432382995, 85.4823388863806, 73.01299252951867, 49.197917107565445, 53.17285634664586, 32.43927248715045, 51.643037504582026, 15.316339482633339, 10.590560929907952, 9.4245520331242, 7.955803064418433, 8.298452430317411],
"numWorkings":[0, 200, 200, 196, 200, 195, 194, 200, 200, 200, 200, 200, 200, 200, 200, 198, 200, 196, 195, 198, 3],
"totalWorkingTimes":[0, 12549165, 11332918, 10974773, 11752956, 10961114, 10640708, 10929003, 10564663, 11115964, 10241132, 10132645, 11142982, 11260452, 10992621, 10618703, 11094568, 9962730, 10050390, 10571330, 6459973]}