	1{"problemName":"rc110_1.txt",
"populationK":450,
"lsRunTime":70000,
"addFirstNeighborhoods":true,
"numHelperNeighborhoods":0,
"numRounds":20,
"numMappers":500,
"roundLengths":[0, 89033, 90620, 88687, 139824, 87720, 95620, 79543, 79299, 80794, 83542, 83603, 84849, 89662, 84924, 78943, 91547, 79015, 94781, 79825, 80009],
"bestSolCosts":[69036.3658010858, 50049.45030360884, 49249.912311588145, 48925.190774805335, 48642.08914739531, 48506.95806165261, 48381.92194041547, 48319.569602749085, 48242.44696621212, 48064.357619989954, 48040.06718984656, 48019.69841372458, 48004.81197407514, 47990.872384484326, 47935.44987264806, 47917.982155427584, 47877.92063834569, 47850.21989164533, 47814.16046162133, 47780.601668668765, 47698.76382798213],
"helperTimes":[0, 0, 62, 32, 21, 59, 27, 52, 16, 34, 30, 29, 20, 56, 315, 201, 33, 80, 63, 30, 32],
"regularTimes":[0, 57747, 49920, 53091, 56492, 49623, 57122, 49776, 57864, 56323, 56930, 54377, 51802, 52867, 51236, 52082, 57010, 51124, 49393, 55628, 57741],
"helperSuccessfuls":[0, 0, 0, 0, 0, 0, 0, 0, 0, 0, 0, 0, 0, 0, 1, 0, 0, 0, 1, 0, 1],
"helperTrieds":[0, 0, 1, 1, 1, 1, 1, 1, 1, 1, 1, 1, 1, 1, 1, 1, 1, 1, 1, 1, 1],
"regularSuccessfuls":[0, 1394, 128, 62, 77, 25, 38, 16, 19, 32, 17, 7, 2, 4, 12, 5, 16, 11, 7, 5, 8],
"regularTrieds":[0, 7030, 3518, 3502, 5922, 5561, 8952, 5739, 6747, 6374, 8396, 6671, 12591, 7839, 9046, 5861, 10423, 10099, 6289, 7699, 9598],
"helperImprovements":[0.0, 0.0, 0.0, 0.0, 0.0, 0.0, 0.0, 0.0, 0.0, 0.0, 0.0, 0.0, 0.0, 0.0, 7.7082274183339905, 0.0, 0.0, 0.0, 0.06795216275349958, 0.0, 1.4961726602705312],
"regularImprovements":[0.0, 25147.021836881482, 799.5379920206979, 324.7215367828103, 283.1016274100257, 135.13108574270154, 125.03612123713538, 62.35233766638703, 94.25938443953055, 178.08934622216475, 24.290430143395497, 20.368776121977135, 14.886439649439126, 13.939589590816468, 60.13589556718216, 17.467717220475606, 40.061517081892816, 27.700746700364107, 35.991477861243766, 33.558792952564545, 80.34166802636173],
"numWorkings":[0, 496, 500, 489, 491, 492, 500, 494, 496, 500, 500, 500, 500, 493, 500, 495, 497, 498, 499, 498, 500],
"totalWorkingTimes":[0, 28673859, 25738473, 25599433, 27646308, 25495795, 28285261, 24540493, 28491567, 28539670, 28311010, 28225187, 26805728, 26005918, 26489998, 26535456, 28223942, 24194804, 25634558, 26732898, 27579031]}