	&{"problemName":"rc110_1.txt",
"populationK":450,
"lsRunTime":70000,
"addFirstNeighborhoods":true,
"numHelperNeighborhoods":0,
"numRounds":20,
"numMappers":500,
"roundLengths":[0, 82998, 85653, 150453, 88728, 101868, 83678, 79562, 80063, 85803, 93595, 122725, 109641, 94669, 111018, 129554, 99720, 99794, 94807, 119753, 109738],
"bestSolCosts":[68700.81534668333, 50181.4737935606, 49613.278269602495, 49173.34958423512, 48693.075723034715, 48397.53807142274, 48259.70895132734, 48137.361313923626, 48033.509362683086, 47928.02714558809, 47895.439886247754, 47861.05091987439, 47832.45360746219, 47791.95505965369, 47777.786743492805, 47704.756325114424, 47643.675617721725, 47620.70040621779, 47619.714286476745, 47585.65590482924, 47555.22219677165],
"helperTimes":[0, 0, 31, 44, 15, 60, 39, 50, 66, 29, 25, 27, 33, 33, 32, 17, 45, 33, 26, 27, 22],
"regularTimes":[0, 58928, 56784, 55697, 55302, 47358, 55548, 51256, 54813, 54963, 53938, 53991, 47227, 55618, 50116, 54661, 53233, 55135, 52960, 58863, 58370],
"helperSuccessfuls":[0, 0, 0, 0, 0, 0, 0, 0, 0, 0, 0, 0, 0, 1, 0, 0, 0, 1, 0, 0, 0],
"helperTrieds":[0, 0, 1, 1, 1, 1, 1, 1, 1, 1, 1, 1, 1, 1, 1, 1, 1, 1, 1, 1, 1],
"regularSuccessfuls":[0, 1423, 103, 141, 112, 40, 36, 27, 19, 23, 10, 4, 8, 15, 6, 28, 16, 8, 1, 7, 6],
"regularTrieds":[0, 8520, 3172, 1773, 7642, 6398, 8561, 6131, 1039, 4831, 7430, 4704, 5791, 5197, 5003, 4768, 6506, 11359, 8215, 7527, 6925],
"helperImprovements":[0.0, 0.0, 0.0, 0.0, 0.0, 0.0, 0.0, 0.0, 0.0, 0.0, 0.0, 0.0, 0.0, 12.618973621647456, 0.0, 0.0, 0.0, 0.12960539148480166, 0.0, 0.0, 0.0],
"regularImprovements":[0.0, 26716.126339239177, 568.1955239581075, 593.4116053064645, 480.2738612004032, 295.53765161197225, 237.76605590371037, 122.34763740371272, 103.85195124054007, 105.48221709499921, 32.58725934033282, 34.38896637336438, 28.597312412202882, 28.486012402601773, 14.168316160881659, 73.030418378381, 61.08070739269897, 22.845606112452515, 0.9861197410427849, 36.199350701019284, 30.43370805759332],
"numWorkings":[0, 500, 500, 500, 480, 495, 490, 496, 496, 492, 493, 499, 496, 495, 500, 499, 495, 493, 500, 496, 500],
"totalWorkingTimes":[0, 28707384, 28405733, 27923201, 25772824, 23941972, 26101154, 26062108, 27050990, 27111066, 25064368, 26858868, 27370436, 28375806, 26816252, 27592053, 27873418, 26508493, 26776360, 28702789, 28313832]}