	á{"problemName":"rc110_1.txt",
"populationK":1,
"lsRunTime":70000,
"addFirstNeighborhoods":true,
"numHelperNeighborhoods":400,
"numRounds":20,
"numMappers":1000,
"roundLengths":[0, 149464, 85195, 86322, 110871, 82780, 87161, 77724, 85950, 94755, 78997, 85022, 79720, 91877, 79777, 79886, 84771, 86678, 80006, 78596, 79655],
"bestSolCosts":[67913.0536431725, 49870.70401196077, 49012.96375114235, 48634.0364719093, 48287.97115095445, 48165.50236323992, 48068.46406935264, 48024.71173108, 47946.058513471966, 47805.473602277154, 47752.80842230062, 47748.001678377645, 47743.727178728026, 47680.89514878876, 47663.209807376945, 47650.651700917784, 47631.74031621507, 47561.758286372235, 47554.800768431676, 47545.74135164281, 47540.90345153766],
"helperTimes":[0, 0, 628, 2587, 12042, 19276, 3021, 5386, 1663, 1846, 3144, 1661, 937, 246, 741, 1334, 1159, 652, 11375, 3727, 2803],
"regularTimes":[0, 54536, 52246, 50294, 39387, 29801, 50560, 49783, 47979, 44814, 29602, 51357, 50451, 50939, 53675, 46853, 31042, 52723, 35656, 38996, 43569],
"helperSuccessfuls":[0, 0, 1, 5, 11, 2, 2, 4, 0, 7, 0, 1, 0, 0, 0, 1, 0, 6, 0, 3, 0],
"helperTrieds":[0, 0, 401, 401, 401, 401, 401, 401, 401, 401, 401, 401, 100, 5, 401, 401, 401, 34, 401, 401, 401],
"regularSuccessfuls":[0, 1435, 140, 62, 80, 30, 20, 12, 17, 36, 6, 3, 3, 20, 4, 10, 4, 23, 5, 2, 3],
"regularTrieds":[0, 8331, 6109, 4816, 5847, 3959, 7946, 6648, 14154, 7656, 5335, 9934, 8742, 7367, 9387, 7475, 4436, 7654, 6637, 3725, 8490],
"helperImprovements":[0.0, 0.0, 1.5050899788184324, 9.455295292209485, 38.89649123439449, 3.2411995812144596, 1.8508349904004717, 9.706474072969286, 0.0, 17.81289708240365, 0.0, 1.6581787371396786, 0.0, 0.0, 0.0, 0.18328908059629612, 0.0, 10.953560473724792, 0.0, 5.650190832588123, 0.0],
"regularImprovements":[0.0, 27107.90140998586, 856.2351708396018, 369.4719839408426, 307.1688297204528, 119.22758813331893, 95.18745889687852, 34.04586419966654, 78.65321760803636, 122.77201411240821, 52.66517997653136, 3.148565185838379, 4.2744996496185195, 62.83202993926534, 17.685341411815898, 12.37481737856433, 18.911384702711075, 59.028469369113736, 6.9575179405583185, 3.409225956274895, 4.837900105150766],
"numWorkings":[0, 1000, 927, 814, 297, 263, 935, 952, 967, 768, 926, 823, 890, 777, 925, 811, 855, 773, 582, 827, 834],
"totalWorkingTimes":[0, 54364639, 48060530, 44821705, 45157388, 46109846, 48708744, 50057945, 49040389, 44371901, 46687547, 47422279, 48315000, 46359017, 46772156, 45456604, 45620196, 44757539, 44656746, 46033355, 44354232]}