	R{"problemName":"rc110_1.txt",
"populationK":100,
"lsRunTime":70000,
"addFirstNeighborhoods":true,
"numHelperNeighborhoods":0,
"numRounds":20,
"numMappers":200,
"roundLengths":[0, 83006, 82755, 77961, 82494, 86306, 83986, 83942, 88059, 117342, 74862, 80040, 77657, 79693, 80629, 94753, 96733, 79545, 79241, 79669, 80674],
"bestSolCosts":[67648.81208605855, 50555.67831439254, 49213.82240948879, 48934.21332509192, 48737.782911583294, 48517.87542466388, 48418.944105410854, 48351.383690351555, 48262.05993966635, 48181.679110306315, 48144.49328287843, 48124.00328600512, 48105.31106724755, 48069.116383652035, 48049.34863456303, 47996.817268033185, 47857.20962493721, 47808.82298599547, 47760.07716177788, 47710.67387270111, 47682.55695586031],
"helperTimes":[0, 0, 12, 24, 25, 74, 30, 16, 20, 16, 72, 132, 111, 35, 34, 23, 53, 53, 212, 127, 390],
"regularTimes":[0, 59082, 58281, 53670, 45894, 52325, 54614, 55692, 58517, 56983, 49304, 53270, 57757, 61926, 59420, 58516, 55984, 54657, 49032, 54987, 57247],
"helperSuccessfuls":[0, 0, 0, 0, 0, 0, 0, 0, 0, 0, 0, 1, 0, 0, 1, 0, 0, 1, 1, 1, 1],
"helperTrieds":[0, 0, 1, 1, 1, 1, 1, 1, 1, 1, 1, 1, 1, 1, 1, 1, 1, 1, 1, 1, 1],
"regularSuccessfuls":[0, 1332, 189, 46, 33, 30, 32, 20, 30, 24, 6, 4, 5, 10, 4, 4, 22, 8, 4, 5, 10],
"regularTrieds":[0, 6850, 5552, 3782, 2636, 3296, 6245, 8349, 6354, 5884, 6886, 4842, 10456, 5524, 9727, 8676, 8295, 8759, 7579, 5691, 6789],
"helperImprovements":[0.0, 0.0, 0.0, 0.0, 0.0, 0.0, 0.0, 0.0, 0.0, 0.0, 0.0, 0.28026124530879315, 0.0, 0.0, 4.113148712916882, 0.0, 0.0, 8.219985752693901, 4.8769155261761625, 8.21998575267935, 0.231333092910063],
"regularImprovements":[0.0, 22436.840924667544, 1341.8559049037503, 285.6459500319834, 196.43041350862768, 219.90748691941553, 98.93131925302441, 67.56041505929898, 89.32375068520196, 80.38082936003775, 37.18582742788567, 20.20973562799918, 18.692218757569208, 36.194683595516835, 15.654600376088638, 52.5313665298454, 139.6076430959729, 40.166653189044155, 51.984181079598784, 41.18330332409096, 27.88558374789136],
"numWorkings":[0, 200, 200, 196, 196, 200, 200, 197, 198, 200, 197, 200, 192, 199, 200, 199, 198, 195, 200, 191, 192],
"totalWorkingTimes":[0, 12090560, 11744724, 10474012, 9305420, 10725482, 11070597, 11035746, 11694578, 11518841, 10015792, 10552676, 11044679, 11705147, 11944136, 11731279, 11324979, 10646740, 9758127, 10969798, 11024160]}