	r{"problemName":"rc110_1.txt",
"populationK":100,
"lsRunTime":70000,
"addFirstNeighborhoods":true,
"numHelperNeighborhoods":0,
"numRounds":20,
"numMappers":200,
"roundLengths":[0, 82737, 93269, 103793, 85180, 85856, 85814, 87112, 94819, 83421, 91987, 113122, 102685, 90976, 75274, 103343, 95894, 105829, 94740, 80457, 80626],
"bestSolCosts":[68196.58931417338, 50572.00984821974, 49553.84738392299, 49113.05820944544, 48921.85937449635, 48705.53971237577, 48533.474984567205, 48429.60578444444, 48322.817665661845, 48276.04713348767, 48228.624174527904, 48202.673152342795, 48189.87222171187, 48158.7113660862, 48147.16306560221, 48135.10904687971, 48110.43997190821, 48095.1240566689, 48033.53073858296, 47974.58312073157, 47944.17743839119],
"helperTimes":[0, 0, 14, 42, 24, 32, 23, 57, 33, 37, 86, 290, 23, 43, 58, 51, 70, 33, 46, 26, 51],
"regularTimes":[0, 58476, 57570, 52396, 54059, 52253, 50585, 54021, 57144, 39321, 52290, 58497, 57674, 50487, 52720, 52343, 50392, 55382, 56500, 55025, 58145],
"helperSuccessfuls":[0, 0, 0, 0, 0, 0, 0, 0, 1, 1, 0, 1, 0, 0, 1, 1, 0, 1, 0, 1, 1],
"helperTrieds":[0, 0, 1, 1, 1, 1, 1, 1, 1, 1, 1, 1, 1, 1, 1, 1, 1, 1, 1, 1, 1],
"regularSuccessfuls":[0, 1285, 122, 72, 81, 51, 27, 23, 22, 15, 11, 6, 12, 1, 4, 8, 13, 4, 3, 12, 14],
"regularTrieds":[0, 6268, 2985, 4839, 6920, 9569, 6053, 7085, 5821, 5806, 3571, 2101, 7667, 7207, 6811, 6016, 3897, 7867, 6518, 5087, 10619],
"helperImprovements":[0.0, 0.0, 0.0, 0.0, 0.0, 0.0, 0.0, 0.0, 5.682634633631096, 9.535045620286837, 0.0, 7.783701602835208, 0.0, 0.0, 1.458966952006449, 6.63316103888792, 0.0, 2.3305994895345066, 0.0, 1.4405640500044683, 1.2047491557896137],
"regularImprovements":[0.0, 24367.821011832937, 1018.1624642967508, 440.7891744775552, 427.97284632713126, 216.31966212057887, 172.0647278085671, 103.86920012276823, 101.10548414896039, 37.23548655388731, 47.42295895976713, 18.167320582273533, 12.800930630924995, 31.160855625668773, 26.165636783727678, 5.420857683609938, 24.669074971505324, 12.985315749770962, 61.59331808594288, 57.507053801382426, 29.200933184591122],
"numWorkings":[0, 200, 200, 198, 195, 198, 200, 199, 194, 194, 200, 191, 200, 200, 200, 200, 200, 200, 195, 200, 200],
"totalWorkingTimes":[0, 11853241, 11700524, 10512177, 10448931, 10399039, 10256288, 10588738, 10822465, 7684768, 10907184, 10188135, 11744571, 9996769, 10653471, 11190387, 10527957, 10756417, 11204864, 11174138, 11673451]}